,INFO_Div,INFO_Date,probs_A,probs_D,probs_H,probs,prob_less_bet,pred,INFO_FTR,INFO_ODD_BET,WIN,WIN_P
0,SC0,2014-01-01,0.026902476383,0.088100359641,0.884997163976,0.884997163976,0.00780418151983,H,H,1.14,0.14,
1,E1,2013-12-26,0.451691647913,0.272153151197,0.276155200889,0.451691647913,-0.040919189525,A,A,2.03,1.03,1.06
2,I1,2012-01-08,0.519288248221,0.279158775029,0.20155297675,0.519288248221,-0.055424395457,A,A,1.74,0.74,
3,D1,2015-03-21,0.346967664527,0.254109458509,0.398922876964,0.398922876964,-0.0143002635322,H,H,2.42,1.42,1.49
4,I1,2010-03-21,0.318508769865,0.289258272409,0.392232957726,0.392232957726,0.00312789935993,H,H,2.57,1.57,
5,E2,2013-04-01,0.359987137353,0.291129269305,0.348883593342,0.359987137353,-0.0321697253921,A,H,2.55,-1.0,-1.0
6,SP1,2017-04-23,0.332861361375,0.263430976308,0.403707662317,0.403707662317,-0.0747612372044,H,A,2.09,-1.0,-1.0
7,I1,2013-02-16,0.271343301618,0.28825768572,0.440399012662,0.440399012662,-0.0225639503008,H,D,2.16,-1.0,-1.0
8,E1,2015-12-27,0.236958794148,0.290692019146,0.472349186706,0.472349186706,-0.025163251105,H,D,2.01,-1.0,-1.0
9,E1,2016-01-12,0.236678479137,0.295959813817,0.467361707046,0.467361707046,-0.0507730079798,H,H,1.93,0.93,0.95
10,E2,2011-04-16,0.309359863684,0.279067741328,0.411572394988,0.411572394988,-0.0232102137072,H,H,2.3,1.3,
11,E2,2017-04-30,0.288034722961,0.290412242377,0.421553034661,0.421553034661,-0.0268774586121,H,D,2.23,-1.0,-1.0
12,SP1,2013-11-23,0.0158218005604,0.0693944841717,0.914783715268,0.914783715268,0.0298279630555,H,H,1.13,0.13,0.15
13,E0,2012-11-03,0.327532619284,0.261852789627,0.410614591089,0.410614591089,0.0274728286365,H,H,2.61,1.61,1.67
14,I1,2012-12-16,0.0768924061987,0.21635608187,0.706751511931,0.706751511931,-0.0231754953684,H,A,1.37,-1.0,-1.0
15,E1,2015-02-28,0.198672427964,0.231427155737,0.569900416299,0.569900416299,-0.0183348778184,H,D,1.7,-1.0,-1.0
16,F1,2013-02-17,0.292790127195,0.32170667535,0.385503197454,0.385503197454,-0.0492794112414,H,A,2.3,-1.0,-1.0
17,F1,2012-02-26,0.115886879345,0.262944534511,0.621168586144,0.621168586144,-0.0367261506977,H,H,1.52,0.52,
18,E2,2016-12-10,0.23348514563,0.271881542763,0.494633311607,0.494633311607,-0.0208306059192,H,D,1.94,-1.0,-1.0
19,D1,2010-11-07,0.143312046168,0.197901449465,0.658786504366,0.658786504366,-0.0356579400781,H,H,1.44,0.44,
20,F1,2011-05-29,0.220112139371,0.292720406397,0.487167454232,0.487167454232,-0.033665879101,H,H,1.92,0.92,
21,SP1,2014-02-16,0.148829182129,0.223339054505,0.627831763366,0.627831763366,-0.00109905424389,H,A,1.59,-1.0,-1.0
22,F1,2013-02-23,0.302972059232,0.29112125135,0.405906689418,0.405906689418,-0.0269937434821,H,D,2.31,-1.0,-1.0
23,I1,2013-01-20,0.261456166837,0.19467776548,0.543866067683,0.543866067683,0.0257313526568,H,D,1.93,-1.0,-1.0
24,E0,2017-04-16,0.510170099859,0.256992808548,0.232837091593,0.510170099859,-0.0245892584298,A,A,1.87,0.87,0.93
25,SP1,2017-04-15,0.0176147341227,0.0960419778056,0.886343288072,0.886343288072,0.0242743225545,H,H,1.16,0.16,0.17
26,D1,2017-02-05,0.141275883037,0.236258436533,0.62246568043,0.62246568043,-0.0104457119746,H,H,1.58,0.58,0.62
27,E0,2014-11-01,0.0543000253745,0.148513903951,0.797186070675,0.797186070675,0.00978449587172,H,H,1.27,0.27,0.28
28,E2,2015-12-20,0.193472182109,0.250839738937,0.555688078954,0.555688078954,-0.0257072698833,H,H,1.72,0.72,0.75
29,E1,2015-04-10,0.520596601124,0.26477429833,0.214629100546,0.520596601124,-0.0443751502888,A,A,1.77,0.77,0.79
30,SP1,2015-03-20,0.485892191715,0.266538910176,0.247568898109,0.485892191715,-0.0404235977591,A,A,1.9,0.9,1.0
31,E0,2014-04-12,0.285790347492,0.281274149504,0.432935503004,0.432935503004,-0.0387626102034,H,H,2.12,1.12,1.21
32,F1,2009-11-21,0.287868018317,0.313462015029,0.398669966654,0.398669966654,-0.0438079094523,H,H,2.26,1.26,
33,E0,2016-12-11,0.153685778142,0.257792815372,0.588521406487,0.588521406487,-0.00319456984456,H,H,1.69,0.69,0.68
34,E0,2015-05-24,0.101851592442,0.186213024644,0.711935382914,0.711935382914,-0.00748907751788,H,H,1.39,0.39,0.43
35,E0,2011-02-02,0.39296955645,0.288857147771,0.318173295779,0.39296955645,-0.0437116662574,A,A,2.29,1.29,
36,F1,2017-04-02,0.304652767535,0.304677362231,0.390669870234,0.390669870234,-0.0518080058727,H,H,2.26,1.26,1.32
37,SC0,2013-12-06,0.66276955386,0.201362946951,0.135867499189,0.66276955386,-0.0316748905842,A,A,1.44,0.44,0.47
38,I1,2010-11-20,0.175210767842,0.270934463689,0.553854768469,0.553854768469,-0.0111169829431,H,H,1.77,0.77,
39,F1,2014-11-22,0.44969400699,0.281257065493,0.269048927517,0.44969400699,-0.0357428862136,A,D,2.06,-1.0,-1.0
40,I1,2010-11-28,0.227181997356,0.297489970989,0.475328031655,0.475328031655,-0.0374924811651,H,D,1.95,-1.0,-1.0
41,SP1,2016-05-15,0.530495194852,0.218808594648,0.2506962105,0.530495194852,-0.0543001267852,A,H,1.71,-1.0,-1.0
42,E2,2016-12-12,0.190267404143,0.231374493212,0.578358102645,0.578358102645,-0.0133578736866,H,H,1.69,0.69,0.76
43,SC0,2012-11-04,0.595038860021,0.2344185688,0.170542571179,0.595038860021,-0.0501224303019,A,D,1.55,-1.0,-1.0
44,E0,2012-02-01,0.208365614493,0.283835489836,0.50779889567,0.50779889567,-0.0508603222068,H,D,1.79,-1.0,-1.0
45,E0,2013-11-30,0.252941531193,0.28309328706,0.463965181747,0.463965181747,-0.031084323204,H,H,2.02,1.02,1.07
46,E0,2013-11-30,0.223843249717,0.272659913456,0.503496836827,0.503496836827,-0.0146378781986,H,H,1.93,0.93,0.98
47,E2,2009-12-26,0.089718800425,0.190184474513,0.720096725062,0.720096725062,-0.0261719316548,H,H,1.34,0.34,
48,E2,2012-02-04,0.143811678555,0.238916036397,0.617272285049,0.617272285049,-0.0493943816177,H,H,1.5,0.5,
49,F1,2016-04-02,0.410840900393,0.287882832899,0.301276266707,0.410840900393,-0.0316369757129,A,A,2.26,1.26,1.32
50,E1,2013-04-01,0.306566946093,0.287852117349,0.405580936558,0.405580936558,-0.0510400680078,H,A,2.19,-1.0,-1.0
51,E0,2009-12-19,0.419825098238,0.288104063656,0.292070838106,0.419825098238,-0.0347203563075,A,A,2.2,1.2,
52,E1,2016-04-05,0.216377881355,0.275599430007,0.508022688638,0.508022688638,-0.0354555722319,H,D,1.84,-1.0,-1.0
53,E0,2014-02-23,0.0694146256119,0.149930724425,0.780654649963,0.780654649963,0.00546085151308,H,H,1.29,0.29,0.31
54,E0,2013-01-30,0.151936572755,0.224528439233,0.623534988012,0.623534988012,-0.00937640439346,H,H,1.58,0.58,0.56
55,I1,2011-02-26,0.114942443436,0.237632682561,0.647424874002,0.647424874002,-0.0375066328471,H,A,1.46,-1.0,-1.0
56,E0,2011-01-16,0.243577524769,0.261191953445,0.495230521786,0.495230521786,0.0212968724974,H,D,2.11,-1.0,-1.0
57,D1,2012-01-21,0.204530585039,0.245600343869,0.549869071092,0.549869071092,0.00342098366003,H,H,1.83,0.83,
58,D1,2016-02-20,0.26219757586,0.283096904133,0.454705520007,0.454705520007,-0.0581149928134,H,H,1.95,0.95,0.99
59,E2,2011-11-05,0.264757817684,0.282169528686,0.45307265363,0.45307265363,-0.0444397841811,H,D,2.01,-1.0,-1.0
60,E1,2013-01-12,0.298999517089,0.296942825444,0.404057657467,0.404057657467,-0.0790341299722,H,A,2.07,-1.0,-1.0
61,SC0,2011-02-19,0.341689754013,0.304383870109,0.353926375878,0.353926375878,-0.0509319237172,H,H,2.47,1.47,
62,E0,2016-01-13,0.233953231934,0.27475290446,0.491293863607,0.491293863607,-0.00870613639321,H,H,2.0,1.0,1.01
63,D1,2017-05-20,0.184889434436,0.213547532584,0.60156303298,0.60156303298,-0.0157209176375,H,H,1.62,0.62,0.66
64,I1,2013-01-26,0.0365867675571,0.116551934929,0.846861297513,0.846861297513,0.00652516305965,H,D,1.19,-1.0,-1.0
65,E0,2011-01-22,0.0349386991607,0.128533157913,0.836528142927,0.836528142927,0.00319480959325,H,H,1.2,0.2,
66,E2,2017-04-17,0.225957260279,0.261497255805,0.512545483916,0.512545483916,-0.036905065535,H,H,1.82,0.82,0.84
67,E1,2011-11-01,0.345087360518,0.278169491897,0.376743147585,0.376743147585,-0.0216632269167,H,A,2.51,-1.0,-1.0
68,SP1,2015-03-01,0.385238246051,0.302202454138,0.312559299811,0.385238246051,-0.0331717957905,A,A,2.39,1.39,1.44
69,E2,2011-12-17,0.310367791743,0.287185068321,0.402447139935,0.402447139935,-0.0323354687603,H,D,2.3,-1.0,-1.0
70,I1,2017-02-12,0.704062426437,0.158716955115,0.137220618448,0.704062426437,-0.0153620339942,A,A,1.39,0.39,0.4
71,SP1,2011-02-05,0.178741326483,0.271369390643,0.549889282874,0.549889282874,-0.0489131123356,H,H,1.67,0.67,
72,I1,2017-01-08,0.0549000308792,0.147249793211,0.79785017591,0.79785017591,0.010448601107,H,H,1.27,0.27,0.27
73,E1,2010-12-11,0.319849422285,0.289492467946,0.390658109768,0.390658109768,-0.0330707037911,H,D,2.36,-1.0,-1.0
74,E1,2011-02-12,0.0835017372041,0.207685022328,0.708813240468,0.708813240468,-0.0374554162483,H,H,1.34,0.34,
75,E1,2011-03-12,0.15135324987,0.252400564792,0.596246185338,0.596246185338,-0.032684632272,H,D,1.59,-1.0,-1.0
76,E0,2012-04-06,0.323800010274,0.28717869688,0.389021292846,0.389021292846,-0.0329196354236,H,A,2.37,-1.0,-1.0
77,I1,2010-01-24,0.32542578307,0.317237308866,0.357336908064,0.357336908064,-0.0426630919356,H,H,2.5,1.5,
78,E1,2017-04-22,0.210685462888,0.243873717074,0.545440820038,0.545440820038,-0.00400972941259,H,H,1.82,0.82,0.84
79,I1,2014-03-22,0.591974879459,0.249045872193,0.158979248348,0.591974879459,-0.0330251205412,A,A,1.6,0.6,0.61
80,I1,2015-02-15,0.336412816508,0.303088997784,0.360498185709,0.360498185709,-0.00714887311494,H,H,2.72,1.72,1.82
81,D1,2016-05-14,0.27086279123,0.248621866992,0.480515341777,0.480515341777,-0.00492155142642,H,D,2.06,-1.0,-1.0
82,F1,2015-12-02,0.285943731529,0.292954434096,0.421101834375,0.421101834375,0.0112657688011,H,H,2.44,1.44,1.5
83,E2,2012-11-10,0.342660667264,0.287045130759,0.370294201977,0.370294201977,-0.0516467262931,H,D,2.37,-1.0,-1.0
84,E0,2013-05-12,0.497205905347,0.269557521296,0.233236573357,0.497205905347,-0.0318946237537,A,A,1.89,0.89,0.93
85,SP1,2012-03-03,0.322706355364,0.323673176473,0.353620468162,0.353620468162,-0.073729959188,H,D,2.34,-1.0,-1.0
86,SP1,2012-01-28,0.376864664585,0.294554805265,0.32858053015,0.376864664585,-0.0398020020816,A,A,2.4,1.4,
87,SC0,2010-02-14,0.0988581327072,0.213183314091,0.687958553202,0.687958553202,-0.0314659072295,H,H,1.39,0.39,
88,F1,2012-04-21,0.381484013826,0.31047176992,0.308044216254,0.381484013826,-0.0300386199185,A,A,2.43,1.43,
89,E0,2013-12-14,0.237120532495,0.286346039277,0.476533428228,0.476533428228,-0.0310807849698,H,D,1.97,-1.0,-1.0
90,E1,2014-03-11,0.377048140548,0.281358871449,0.341592988003,0.377048140548,-0.0311151247586,A,A,2.45,1.45,1.49
91,SP1,2013-02-03,0.187261747753,0.2452803978,0.567457854447,0.567457854447,-0.0207774396704,H,H,1.7,0.7,0.7
92,SC0,2011-02-01,0.231304245187,0.268151277271,0.500544477542,0.500544477542,-0.0313704160748,H,H,1.88,0.88,
93,I1,2012-02-26,0.314983508299,0.293553143689,0.391463348012,0.391463348012,-0.0117624584396,H,A,2.48,-1.0,-1.0
94,D1,2013-04-20,0.133341068185,0.193166367945,0.673492563871,0.673492563871,-0.00218311180488,H,H,1.48,0.48,0.52
95,SP1,2017-03-04,0.19428101216,0.280937596517,0.524781391323,0.524781391323,-0.0434004268591,H,H,1.76,0.76,0.77
96,E0,2012-04-01,0.397139282965,0.281722035789,0.321138681246,0.397139282965,-0.0248016453049,A,H,2.37,-1.0,-1.0
97,E2,2014-12-29,0.333591881148,0.280362415404,0.386045703448,0.386045703448,-0.0341223637786,H,A,2.38,-1.0,-1.0
98,F1,2009-12-23,0.434940107807,0.304874107781,0.260185784412,0.434940107807,-0.0435287917141,A,A,2.09,1.09,
99,E0,2014-03-25,0.453466257848,0.278980908219,0.267552833933,0.453466257848,-0.013823461778,A,A,2.14,1.14,1.13
100,I1,2014-12-14,0.3648504887,0.298102960911,0.337046550388,0.3648504887,-0.0227464105243,A,H,2.58,-1.0,-1.0
101,I1,2015-12-06,0.194288498271,0.266796253431,0.538915248298,0.538915248298,-0.0166403072578,H,H,1.8,0.8,0.81
102,E2,2012-11-17,0.388493509184,0.283915905731,0.327590585085,0.388493509184,-0.0388569181667,A,A,2.34,1.34,1.39
103,I1,2014-01-06,0.252707569288,0.299181008428,0.448111422284,0.448111422284,-0.0396934557647,H,H,2.05,1.05,1.08
104,E0,2010-12-27,0.358742649449,0.314164162453,0.327093188098,0.358742649449,-0.00226818087591,A,H,2.77,-1.0,-1.0
105,SP1,2011-03-13,0.148656863803,0.248311611281,0.603031524916,0.603031524916,-0.0142524257011,H,D,1.62,-1.0,-1.0
106,I1,2010-03-14,0.28861754228,0.273303114629,0.43807934309,0.43807934309,0.00517891019006,H,H,2.31,1.31,
107,SP1,2012-03-03,0.214530574091,0.277607945912,0.507861479997,0.507861479997,-0.0385866074345,H,H,1.83,0.83,
108,SP1,2011-12-03,0.126332303713,0.235483090945,0.638184605342,0.638184605342,-0.0284820613251,H,H,1.5,0.5,
109,E1,2013-03-02,0.160233517805,0.244831092003,0.594935390192,0.594935390192,-0.0223485604251,H,H,1.62,0.62,0.64
110,E1,2014-01-28,0.317288929166,0.287079499483,0.395631571352,0.395631571352,-0.0227784704891,H,D,2.39,-1.0,-1.0
111,E0,2014-01-29,0.0289817448774,0.105549911762,0.86546834336,0.86546834336,0.0251322089066,H,D,1.19,-1.0,-1.0
112,I1,2015-03-15,0.308373427966,0.316887647493,0.374738924542,0.374738924542,-0.0489898890178,H,D,2.36,-1.0,-1.0
113,E2,2012-01-10,0.0989020857851,0.208100795797,0.692997118418,0.692997118418,-0.0264273420135,H,H,1.39,0.39,
114,F1,2012-05-07,0.304595278154,0.281677882234,0.413726839612,0.413726839612,0.0121204139092,H,A,2.49,-1.0,-1.0
115,SP1,2010-01-09,0.129122308446,0.248746062332,0.622131629222,0.622131629222,-0.0357631076197,H,A,1.52,-1.0,-1.0
116,SP1,2013-01-20,0.255037703286,0.3009185401,0.444043756614,0.444043756614,-0.0534686811972,H,H,2.01,1.01,1.06
117,I1,2012-12-21,0.397710515903,0.305808597559,0.296480886538,0.397710515903,-0.0333239668555,A,H,2.32,-1.0,-1.0
118,I1,2015-12-05,0.169953775576,0.246470221332,0.583576003092,0.583576003092,-0.0337079475248,H,H,1.62,0.62,0.65
119,SP1,2016-02-14,0.0738499984515,0.160594135487,0.765555866062,0.765555866062,0.00798010848582,H,H,1.32,0.32,0.33
120,E2,2010-01-19,0.319663104587,0.278214238452,0.402122656961,0.402122656961,-0.0307777759391,H,H,2.31,1.31,
121,SC0,2015-02-14,0.462915797602,0.270505238881,0.266578963517,0.462915797602,-0.0395967652119,A,H,1.99,-1.0,-1.0
122,SP1,2014-02-22,0.194674238438,0.251763803265,0.553561958297,0.553561958297,-0.0146198598844,H,D,1.76,-1.0,-1.0
123,D1,2012-11-28,0.321977658418,0.265261043614,0.412761297968,0.412761297968,-0.010967515591,H,H,2.36,1.36,1.38
124,E0,2014-12-06,0.613956443985,0.234393582935,0.15164997308,0.613956443985,-0.0396383272565,A,H,1.53,-1.0,-1.0
125,E1,2015-12-05,0.335622612306,0.280605666287,0.383771721407,0.383771721407,-0.0114851955892,H,A,2.53,-1.0,-1.0
126,D1,2012-03-10,0.148078844692,0.211778775391,0.640142379917,0.640142379917,-0.00920826943394,H,D,1.54,-1.0,-1.0
127,E1,2017-04-01,0.168859233639,0.230635132899,0.600505633462,0.600505633462,-0.0284251841486,H,H,1.59,0.59,0.63
128,E1,2013-02-02,0.383088206692,0.279458698413,0.337453094896,0.383088206692,-0.0370798605352,A,D,2.38,-1.0,-1.0
129,I1,2014-03-26,0.272889427205,0.312142989595,0.4149675832,0.4149675832,-0.0658016475694,H,H,2.08,1.08,1.1
130,E1,2010-03-16,0.31744434948,0.286643855159,0.395911795361,0.395911795361,-0.0156108383839,H,H,2.43,1.43,
131,SC0,2015-12-12,0.260002623211,0.275688371439,0.46430900535,0.46430900535,-0.0511549121755,H,H,1.94,0.94,1.01
132,E2,2012-04-21,0.27519573199,0.272595767704,0.452208500307,0.452208500307,-0.0503040625075,H,H,1.99,0.99,
133,SP1,2015-02-14,0.0075193992666,0.0210200929919,0.971460507741,0.971460507741,0.0540293150809,H,H,1.09,0.09,0.11
134,SP1,2014-02-03,0.0773990958959,0.210980941214,0.71161996289,0.71161996289,-0.0183070444091,H,H,1.37,0.37,0.4
135,E1,2013-01-01,0.12262637445,0.223990274789,0.653383350761,0.653383350761,-0.0222923249143,H,H,1.48,0.48,0.46
136,I1,2015-01-11,0.353956419747,0.255855659006,0.390187921247,0.390187921247,0.0453603350401,H,A,2.9,-1.0,-1.0
137,D1,2015-03-14,0.1927862637,0.213735127115,0.593478609185,0.593478609185,0.00868328754712,H,H,1.71,0.71,0.73
138,I1,2015-03-01,0.321845329682,0.293880920722,0.384273749596,0.384273749596,-0.0173326761064,H,A,2.49,-1.0,-1.0
139,SP1,2013-11-09,0.134748010248,0.238017814885,0.627234174867,0.627234174867,-0.0263605963744,H,H,1.53,0.53,0.56
140,E2,2012-12-08,0.30273056711,0.273289551347,0.423979881544,0.423979881544,-0.010802727152,H,A,2.3,-1.0,-1.0
141,SC0,2014-12-05,0.515204814244,0.245597918214,0.239197267542,0.515204814244,-0.0497669371687,A,A,1.77,0.77,0.79
142,E2,2013-04-13,0.370684691791,0.29439216855,0.334923139658,0.370684691791,-0.0358193732492,A,D,2.46,-1.0,-1.0
143,E2,2011-02-12,0.260799688514,0.285556863647,0.453643447839,0.453643447839,-0.0539707653585,H,H,1.97,0.97,
144,E0,2017-04-15,0.103502025876,0.19393590088,0.702562073245,0.702562073245,0.00811762880028,H,H,1.44,0.44,0.43
145,E1,2015-03-03,0.321073329024,0.279384726964,0.399541944013,0.399541944013,-0.00531635558228,H,A,2.47,-1.0,-1.0
146,SP1,2011-11-06,0.274748207924,0.290053189777,0.435198602299,0.435198602299,-0.0364995109085,H,D,2.12,-1.0,-1.0
147,E0,2014-01-18,0.0461708712312,0.102756575701,0.851072553067,0.851072553067,0.0246262720757,H,D,1.21,-1.0,-1.0
148,SP1,2011-11-05,0.350118969346,0.288787629063,0.361093401591,0.361093401591,-0.0176944771968,H,D,2.64,-1.0,-1.0
149,E0,2014-04-26,0.228812622201,0.260965818802,0.510221558996,0.510221558996,-0.0216933346208,H,H,1.88,0.88,0.88
150,E2,2011-02-15,0.36910713003,0.287475631824,0.343417238146,0.36910713003,-0.0357511695648,A,H,2.47,-1.0,-1.0
151,SP1,2013-01-20,0.0513815986017,0.186729259138,0.76188914226,0.76188914226,-0.0133046561898,H,H,1.29,0.29,0.3
152,I1,2015-03-08,0.505808705858,0.281358579147,0.212832714995,0.505808705858,-0.0406393815741,A,D,1.83,-1.0,-1.0
153,E0,2010-04-25,0.165287670917,0.255141269338,0.579571059746,0.579571059746,-0.0454289402543,H,H,1.6,0.6,
154,E2,2016-11-26,0.383126573136,0.28987459884,0.326998828024,0.383126573136,-0.0283960606087,A,A,2.43,1.43,1.56
155,E1,2012-03-27,0.226636349461,0.275373045282,0.497990605257,0.497990605257,-0.0425499352832,H,D,1.85,-1.0,-1.0
156,SC0,2014-04-05,0.403745320719,0.267125383166,0.329129296116,0.403745320719,-0.0426832507101,A,H,2.24,-1.0,-1.0
157,E1,2015-11-03,0.254128573063,0.280218453512,0.465652973425,0.465652973425,-0.0606628160489,H,H,1.9,0.9,0.97
158,F1,2011-02-26,0.377669676027,0.293419187301,0.328911136672,0.377669676027,-0.0424983912002,A,D,2.38,-1.0,-1.0
159,E1,2011-03-19,0.299463913518,0.277500809493,0.423035276989,0.423035276989,-0.0174933573723,H,H,2.27,1.27,
160,D1,2011-02-12,0.185975137741,0.265406933096,0.548617929164,0.548617929164,-0.0466201660746,H,H,1.68,0.68,
161,D1,2015-12-19,0.443837418968,0.252468463856,0.303694117177,0.443837418968,-0.0300962303216,A,H,2.11,-1.0,-1.0
162,E1,2010-12-11,0.323851841156,0.273414180091,0.402733978752,0.402733978752,-0.0122037805839,H,H,2.41,1.41,
163,I1,2015-04-12,0.240466283798,0.265019181713,0.494514534488,0.494514534488,-0.00548546551158,H,H,2.0,1.0,1.03
164,E1,2010-01-09,0.233094724513,0.278489227576,0.488416047911,0.488416047911,-0.0406844811897,H,A,1.89,-1.0,-1.0
165,F1,2012-12-16,0.191631674703,0.267013363247,0.54135496205,0.54135496205,-0.0236167893627,H,A,1.77,-1.0,-1.0
166,E1,2011-11-05,0.354928130076,0.300062932303,0.345008937621,0.354928130076,-0.0311722560246,A,H,2.59,-1.0,-1.0
167,I1,2010-01-24,0.312681476868,0.304780025166,0.382538497965,0.382538497965,-0.0323992613709,H,H,2.41,1.41,
168,E2,2011-03-25,0.307041674271,0.292132388874,0.400825936856,0.400825936856,-0.0436185075889,H,H,2.25,1.25,
169,E1,2010-12-10,0.19727454393,0.301457937368,0.501267518703,0.501267518703,-0.0767671633783,H,D,1.73,-1.0,-1.0
170,I1,2012-12-21,0.688064436329,0.200866800866,0.111068762805,0.688064436329,-0.026221277957,A,A,1.4,0.4,0.41
171,E2,2015-03-03,0.327772846098,0.277352667912,0.39487448599,0.39487448599,-0.0116295790506,H,H,2.46,1.46,1.61
172,I1,2011-04-03,0.259770564933,0.296827707837,0.44340172723,0.44340172723,0.0160512998795,H,H,2.34,1.34,
173,E0,2015-04-11,0.113771236691,0.236936422478,0.64929234083,0.64929234083,-0.0129593147989,H,H,1.51,0.51,0.53
174,SC0,2015-12-05,0.35166930049,0.24605762094,0.40227307857,0.40227307857,0.00544768174492,H,D,2.52,-1.0,-1.0
175,I1,2013-03-17,0.10261901597,0.213645698171,0.683735285859,0.683735285859,-0.0155654134421,H,H,1.43,0.43,0.47
176,SP1,2012-01-21,0.320893319597,0.272041204507,0.407065475895,0.407065475895,0.00545905019261,H,A,2.49,-1.0,-1.0
177,E2,2014-03-25,0.24241819742,0.274460651279,0.483121151301,0.483121151301,-0.0377121820323,H,D,1.92,-1.0,-1.0
178,SP1,2010-04-25,0.193541081391,0.236699795869,0.56975912274,0.56975912274,-0.00495352093778,H,H,1.74,0.74,
179,E0,2016-04-30,0.462745366008,0.282218012668,0.255036621324,0.462745366008,-0.0274507124234,A,A,2.04,1.04,1.05
180,F1,2012-04-15,0.178694402642,0.304440678969,0.516864918389,0.516864918389,-0.0545636530395,H,H,1.75,0.75,
181,E0,2015-05-02,0.0792648484651,0.184973576481,0.735761575054,0.735761575054,0.00046745740698,H,A,1.36,-1.0,-1.0
182,SP1,2016-12-03,0.529763370817,0.251577890339,0.218658738844,0.529763370817,-0.0288958470602,A,H,1.79,-1.0,-1.0
183,E2,2009-12-19,0.246670597454,0.314935612806,0.43839378974,0.43839378974,-0.0992406188619,H,H,1.86,0.86,
184,E1,2017-02-22,0.403566602777,0.279339697102,0.317093700122,0.403566602777,-0.0237838245739,A,A,2.34,1.34,1.38
185,D1,2012-04-10,0.295983893439,0.285001832863,0.419014273698,0.419014273698,-0.050469294377,H,A,2.13,-1.0,-1.0
186,E1,2015-11-30,0.357236631432,0.27641565371,0.366347714858,0.366347714858,-0.00818412034792,H,D,2.67,-1.0,-1.0
187,E1,2011-12-03,0.255914052879,0.276195298418,0.467890648704,0.467890648704,-0.0449298641166,H,A,1.95,-1.0,-1.0
188,F1,2010-01-16,0.234167074462,0.310250659657,0.455582265881,0.455582265881,-0.0494682391693,H,H,1.98,0.98,
189,E0,2014-01-11,0.14204007209,0.240939657836,0.617020270074,0.617020270074,-0.0323303792769,H,H,1.54,0.54,0.58
190,I1,2015-01-18,0.334185760313,0.289755531024,0.376058708664,0.376058708664,-0.0223476658384,H,A,2.51,-1.0,-1.0
191,E0,2016-02-27,0.366799501433,0.287692579834,0.345507918733,0.366799501433,-0.0207973977919,A,A,2.58,1.58,1.65
192,E0,2010-02-20,0.191766343643,0.257655398286,0.550578258071,0.550578258071,-0.0176035601107,H,H,1.76,0.76,
193,E2,2016-03-01,0.180116198235,0.242798104803,0.577085696962,0.577085696962,-0.0401982536554,H,D,1.62,-1.0,-1.0
194,SC0,2016-11-26,0.518208775831,0.247799636311,0.233991587858,0.518208775831,-0.0532197955978,A,A,1.75,0.75,0.78
195,I1,2011-02-02,0.248778334782,0.32999415459,0.421227510628,0.421227510628,-0.0642093825759,H,H,2.06,1.06,
196,E0,2010-02-06,0.29497783014,0.283647585914,0.421374583946,0.421374583946,-0.0270559093275,H,D,2.23,-1.0,-1.0
197,SP1,2016-01-17,0.59369504606,0.251995480154,0.154309473786,0.59369504606,-0.0392163463454,A,A,1.58,0.58,0.6
198,F1,2012-04-07,0.0896642145459,0.232912419712,0.677423365742,0.677423365742,-0.0218773335583,H,H,1.43,0.43,
199,E2,2014-01-21,0.181429391482,0.256191786235,0.562378822283,0.562378822283,-0.0473772752779,H,H,1.64,0.64,0.7
200,E2,2010-03-20,0.341977147519,0.295772684231,0.36225016825,0.36225016825,-0.0393562574527,H,A,2.49,-1.0,-1.0
201,I1,2011-02-27,0.228627143893,0.302787550057,0.46858530605,0.46858530605,-0.0339272567642,H,D,1.99,-1.0,-1.0
202,E0,2012-04-21,0.213691000763,0.255660038152,0.530648961085,0.530648961085,-0.00411039720355,H,H,1.87,0.87,
203,I1,2015-04-19,0.288260858936,0.311879533279,0.399859607785,0.399859607785,-0.0609698853026,H,H,2.17,1.17,1.21
204,E1,2015-11-07,0.399741341901,0.283570384202,0.316688273897,0.399741341901,-0.0369398808064,A,A,2.29,1.29,1.31
205,D1,2014-02-02,0.237179915951,0.269758960363,0.493061123685,0.493061123685,-0.0388537699317,H,A,1.88,-1.0,-1.0
206,E0,2010-11-06,0.0308005384079,0.15280239387,0.816397067722,0.816397067722,-0.00327506342522,H,H,1.22,0.22,
207,I1,2013-12-01,0.249850730446,0.30261219652,0.447537073035,0.447537073035,-0.0600771401634,H,H,1.97,0.97,1.0
208,F1,2011-05-21,0.287068567221,0.304549263852,0.408382168927,0.408382168927,-0.0461632856189,H,D,2.2,-1.0,-1.0
209,E0,2016-04-16,0.365286552601,0.286517367543,0.348196079856,0.365286552601,-0.0120719379648,A,A,2.65,1.65,1.7
210,SP1,2011-04-02,0.380730139708,0.277934024072,0.34133583622,0.380730139708,-0.0291059258653,A,A,2.44,1.44,
211,E1,2010-02-16,0.349542675411,0.290807069099,0.35965025549,0.35965025549,-0.0220291338228,H,D,2.62,-1.0,-1.0
212,D1,2010-11-28,0.221340616711,0.260418551394,0.518240831895,0.518240831895,-0.0467309195175,H,H,1.77,0.77,
213,D1,2014-12-20,0.60928111487,0.201710489928,0.189008395202,0.60928111487,-0.0400695344803,A,H,1.54,-1.0,-1.0
214,SC0,2010-01-27,0.364206447889,0.29876845064,0.337025101471,0.364206447889,-0.0390193585623,A,D,2.48,-1.0,-1.0
215,D1,2012-04-21,0.321820228859,0.259027810084,0.419151961057,0.419151961057,-0.00101610617035,H,A,2.38,-1.0,-1.0
216,SP1,2013-03-04,0.113929586437,0.215476493021,0.670593920542,0.670593920542,-0.0143375863078,H,H,1.46,0.46,0.51
217,E1,2017-02-21,0.207167788478,0.263685373188,0.529146838334,0.529146838334,-0.032650914475,H,D,1.78,-1.0,-1.0
218,D1,2016-03-06,0.193513082202,0.253541540522,0.552945377275,0.552945377275,-0.0120263741369,H,D,1.77,-1.0,-1.0
219,SP1,2014-12-06,0.616779902695,0.243817818366,0.13940227894,0.616779902695,-0.0283813876276,A,A,1.55,0.55,0.57
220,D1,2013-03-02,0.0997660283571,0.143760284417,0.756473687226,0.756473687226,-0.00688509139961,H,H,1.31,0.31,0.36
221,E1,2014-12-06,0.202008308859,0.256035321105,0.541956370036,0.541956370036,-0.0105298178092,H,H,1.81,0.81,0.83
222,I1,2017-04-08,0.135699782849,0.195454835781,0.66884538137,0.66884538137,-0.0068302943057,H,D,1.48,-1.0,-1.0
223,SP1,2010-03-28,0.281784098577,0.293683484886,0.424532416538,0.424532416538,-0.0516580596529,H,A,2.1,-1.0,-1.0
224,I1,2011-02-12,0.0804805164041,0.213337480734,0.706182002862,0.706182002862,-0.0237450044373,H,H,1.37,0.37,
225,D1,2017-01-21,0.23585534367,0.273779541893,0.490365114437,0.490365114437,-0.0387354146637,H,H,1.89,0.89,0.88
226,E1,2011-12-02,0.279928560253,0.265376132764,0.454695306982,0.454695306982,0.000149852437043,H,D,2.2,-1.0,-1.0
227,E2,2013-04-20,0.124324226618,0.220691578076,0.654984195305,0.654984195305,-0.0346709771084,H,D,1.45,-1.0,-1.0
228,E2,2014-12-26,0.209738840172,0.281047352233,0.509213807595,0.509213807595,-0.0721815412425,H,H,1.72,0.72,0.75
229,E2,2011-02-01,0.211091678515,0.257602627823,0.531305693662,0.531305693662,-0.0211804941829,H,H,1.81,0.81,
230,F1,2013-12-07,0.0122227146586,0.0723197285796,0.915457556762,0.915457556762,0.0226004139046,H,H,1.12,0.12,0.13
231,E0,2015-02-10,0.0619466330441,0.152820726203,0.785232640753,0.785232640753,0.00398264075336,H,H,1.28,0.28,0.29
232,SP1,2017-05-14,0.594264415152,0.24104847108,0.164687113768,0.594264415152,-0.0346664024582,A,D,1.59,-1.0,-1.0
233,E1,2013-11-23,0.17096344505,0.271483956806,0.557552598144,0.557552598144,-0.0412497970659,H,H,1.67,0.67,0.71
234,F1,2012-11-10,0.317805272518,0.262181546346,0.420013181135,0.420013181135,-0.00551873375838,H,A,2.35,-1.0,-1.0
235,E0,2013-05-19,0.0714386251287,0.166133535749,0.762427839123,0.762427839123,-0.00680293010823,H,A,1.3,-1.0,-1.0
236,E2,2010-02-23,0.107643940848,0.204874296048,0.687481763105,0.687481763105,-0.0268039511812,H,H,1.4,0.4,
237,SP1,2015-04-11,0.203933617807,0.233719380585,0.562347001608,0.562347001608,-0.00262474980404,H,H,1.77,0.77,0.81
238,E1,2017-04-21,0.322439682854,0.235436088242,0.442124228904,0.442124228904,0.0201833006341,H,H,2.37,1.37,1.36
239,SP1,2015-01-04,0.195355287639,0.272915090147,0.531729622215,0.531729622215,-0.00881091832595,H,A,1.85,-1.0,-1.0
240,I1,2016-02-03,0.49093815873,0.269408757219,0.23965308405,0.49093815873,-0.0353776307434,A,A,1.9,0.9,0.92
241,D1,2012-04-07,0.364279038242,0.283237238473,0.352483723285,0.364279038242,-0.0373273874607,A,A,2.49,1.49,
242,SC0,2011-02-26,0.194754662803,0.268110546139,0.537134791059,0.537134791059,-0.0511005030591,H,H,1.7,0.7,
243,SC0,2014-04-07,0.461346142674,0.277747509979,0.260906347347,0.461346142674,-0.0411664201403,A,A,1.99,0.99,1.04
244,F1,2013-05-18,0.476376639306,0.270347732902,0.253275627792,0.476376639306,-0.0390872782195,A,D,1.94,-1.0,-1.0
245,SC0,2014-11-08,0.211950917718,0.243465282712,0.54458379957,0.54458379957,-0.00486674988047,H,A,1.82,-1.0,-1.0
246,E1,2010-04-10,0.268741840736,0.273948185145,0.45730997412,0.45730997412,-0.0257818133201,H,D,2.07,-1.0,-1.0
247,E0,2013-02-10,0.200175762813,0.221193293565,0.578630943622,0.578630943622,-0.00276440521515,H,H,1.72,0.72,0.78
248,F1,2016-03-04,0.379156787305,0.306569317741,0.314273894954,0.379156787305,-0.0357809720313,A,D,2.41,-1.0,-1.0
249,E0,2011-11-20,0.200574918731,0.258648466664,0.540776614605,0.540776614605,-0.0117095732403,H,A,1.81,-1.0,-1.0
250,I1,2016-05-15,0.304726760875,0.278738242612,0.416534996513,0.416534996513,-0.0239936378484,H,A,2.27,-1.0,-1.0
251,D1,2014-02-22,0.166041906555,0.244433373006,0.589524720439,0.589524720439,-0.0239722120766,H,H,1.63,0.63,0.65
252,SP1,2010-04-17,0.0982042275305,0.213104784718,0.688690987752,0.688690987752,-0.0359466934075,H,H,1.38,0.38,
253,E2,2010-11-23,0.243322740046,0.2619040794,0.494773180554,0.494773180554,-0.015430901079,H,D,1.96,-1.0,-1.0
254,E2,2014-01-25,0.331675390768,0.264498897722,0.40382571151,0.40382571151,0.0101249241089,H,H,2.54,1.54,1.59
255,E1,2015-03-17,0.483563531198,0.27184118025,0.244595288551,0.483563531198,-0.0319003863273,A,D,1.94,-1.0,-1.0
256,E1,2015-01-17,0.177163738133,0.255831543539,0.567004718329,0.567004718329,-0.0502792322885,H,H,1.62,0.62,0.65
257,E2,2013-02-09,0.41258876531,0.287997082141,0.299414152549,0.41258876531,-0.0358417279632,A,A,2.23,1.23,1.24
258,E1,2013-11-23,0.308153183404,0.311128717178,0.380718099419,0.380718099419,-0.0677123938547,H,D,2.23,-1.0,-1.0
259,E1,2013-04-13,0.284931234955,0.269752593445,0.4453161716,0.4453161716,-0.0133994247304,H,A,2.18,-1.0,-1.0
260,E2,2010-04-05,0.168408381992,0.25517378734,0.576417830668,0.576417830668,-0.0485821693322,H,H,1.6,0.6,
261,SC0,2011-04-05,0.639672421153,0.219706478219,0.140621100629,0.639672421153,-0.049982751261,A,A,1.45,0.45,
262,F1,2017-02-12,0.400772880654,0.292152755877,0.307074363469,0.400772880654,-0.0265775466964,A,H,2.34,-1.0,-1.0
263,E0,2011-04-23,0.160662096417,0.26457585417,0.574762049413,0.574762049413,-0.0662635916125,H,D,1.56,-1.0,-1.0
264,E2,2017-04-08,0.406539531268,0.271682435849,0.321778032883,0.406539531268,-0.0320569599603,A,H,2.28,-1.0,-1.0
265,SC0,2013-01-02,0.112480861052,0.226633810073,0.660885328874,0.660885328874,-0.0744087887726,H,H,1.36,0.36,0.39
266,E1,2012-04-14,0.475579889348,0.273484165535,0.250935945117,0.475579889348,-0.0479803200764,A,A,1.91,0.91,
267,E2,2009-12-01,0.23195705806,0.277805612294,0.490237329645,0.490237329645,-0.0503032108953,H,H,1.85,0.85,
268,E2,2012-11-24,0.360670092518,0.292129603017,0.347200304465,0.360670092518,-0.0195580443641,A,D,2.63,-1.0,-1.0
269,E0,2016-04-02,0.269270001465,0.274762946962,0.455967051573,0.455967051573,-0.00699591139023,H,D,2.16,-1.0,-1.0
270,E2,2016-03-01,0.370160703149,0.305198842925,0.324640453926,0.370160703149,-0.031445722554,A,D,2.49,-1.0,-1.0
271,E2,2015-04-25,0.297274082099,0.269586612534,0.433139305367,0.433139305367,-0.0173111450836,H,H,2.22,1.22,1.29
272,F1,2015-11-08,0.200348737141,0.259962896489,0.539688366371,0.539688366371,-0.048546927747,H,A,1.7,-1.0,-1.0
273,SP1,2014-03-30,0.392057093043,0.285012683674,0.322930223283,0.392057093043,-0.0281109741839,A,D,2.38,-1.0,-1.0
274,I1,2013-05-12,0.299376148909,0.39747855873,0.303145292361,0.39747855873,-0.072005009345,D,D,2.13,1.13,1.2
275,E0,2011-04-16,0.306537848477,0.287801675931,0.405660475592,0.405660475592,-0.0348681587691,H,A,2.27,-1.0,-1.0
276,F1,2014-12-20,0.234226780594,0.284847034475,0.480926184931,0.480926184931,-0.0399071484027,H,D,1.92,-1.0,-1.0
277,SC0,2011-02-02,0.126716290115,0.228645603344,0.644638106542,0.644638106542,-0.0310375691341,H,H,1.48,0.48,
278,E2,2013-04-06,0.359646700416,0.302566715523,0.337786584061,0.359646700416,-0.0220326888969,A,D,2.62,-1.0,-1.0
279,F1,2012-11-03,0.153943693306,0.25429879582,0.591757510873,0.591757510873,-0.0255264397441,H,H,1.62,0.62,0.67
280,E2,2013-01-22,0.267904454759,0.289701120595,0.442394424646,0.442394424646,-0.0576055753537,H,H,2.0,1.0,1.03
281,E2,2012-04-21,0.246371236864,0.266708084148,0.486920678988,0.486920678988,-0.0155918838262,H,D,1.99,-1.0,-1.0
282,E2,2009-12-12,0.298910916621,0.289358282912,0.411730800467,0.411730800467,-0.0533854786026,H,H,2.15,1.15,
283,E0,2013-12-14,0.0823362294014,0.200931385033,0.716732385565,0.716732385565,-0.0131946217338,H,H,1.37,0.37,0.39
284,E0,2015-04-04,0.302849813117,0.266317230382,0.430832956501,0.430832956501,-0.000201526257877,H,H,2.32,1.32,1.33
285,SC0,2014-12-06,0.407730581509,0.287509168126,0.304760250365,0.407730581509,-0.0327980528523,A,A,2.27,1.27,1.36
286,E1,2013-11-09,0.356669488346,0.280881153532,0.362449358123,0.362449358123,-0.0163385206653,H,D,2.64,-1.0,-1.0
287,E2,2013-03-16,0.299669509059,0.261012366835,0.439318124106,0.439318124106,-0.00512632033845,H,D,2.25,-1.0,-1.0
288,I1,2009-11-29,0.147591468242,0.270290792064,0.582117739694,0.582117739694,-0.050793652711,H,H,1.58,0.58,
289,E2,2016-03-12,0.518963287707,0.244023697457,0.237013014836,0.518963287707,-0.0524652837215,A,D,1.75,-1.0,-1.0
290,E2,2015-12-18,0.328811714162,0.293980581705,0.377207704133,0.377207704133,-0.0483242107608,H,H,2.35,1.35,1.49
291,E1,2009-11-20,0.182302801417,0.271641531537,0.546055667047,0.546055667047,-0.0387396545909,H,H,1.71,0.71,
292,E2,2012-12-15,0.24838123687,0.285542419945,0.466076343185,0.466076343185,-0.0547569901485,H,D,1.92,-1.0,-1.0
293,SC0,2013-12-21,0.113420289707,0.18259783018,0.703981880112,0.703981880112,-0.025945127187,H,H,1.37,0.37,0.41
294,E2,2010-04-05,0.25315734258,0.262935979599,0.48390667782,0.48390667782,-0.0186058849937,H,H,1.99,0.99,
295,SP1,2017-04-16,0.367852591153,0.26713575522,0.365011653628,0.367852591153,-0.0243042715925,A,A,2.55,1.55,1.61
296,E2,2015-04-03,0.244482513297,0.289869072812,0.465648413891,0.465648413891,-0.0419657993068,H,D,1.97,-1.0,-1.0
297,E2,2015-12-19,0.386952176482,0.305269812443,0.307778011076,0.386952176482,-0.0262709640141,A,A,2.42,1.42,1.48
298,SP1,2016-11-20,0.0840842394817,0.161241347274,0.754674413244,0.754674413244,0.0084057565277,H,D,1.34,-1.0,-1.0
299,E1,2016-12-17,0.567811612323,0.243739347392,0.188449040284,0.567811612323,-0.0494723382939,A,A,1.62,0.62,0.65
300,E0,2009-12-15,0.362397516206,0.296285816929,0.341316666865,0.362397516206,-0.0297593465387,A,A,2.55,1.55,
301,D1,2017-02-26,0.337259981801,0.297320771702,0.365419246497,0.365419246497,-0.00495112387355,H,A,2.7,-1.0,-1.0
302,SP1,2011-04-30,0.672961747952,0.1879522487,0.139086003348,0.672961747952,-0.0312636041606,A,H,1.42,-1.0,-1.0
303,E2,2017-02-11,0.26859949654,0.290025952295,0.441374551165,0.441374551165,-0.0259151684612,H,H,2.14,1.14,1.18
304,D1,2015-03-15,0.191386730768,0.255573286574,0.553039982658,0.553039982658,-0.0249946994231,H,H,1.73,0.73,0.74
305,E1,2010-02-06,0.140517057478,0.250240618623,0.609242323899,0.609242323899,-0.031783317127,H,H,1.56,0.56,
306,SP1,2012-03-04,0.410512529452,0.245509440224,0.343978030324,0.410512529452,-0.0656779467385,A,A,2.1,1.1,
307,E2,2013-03-02,0.261485662962,0.286293937996,0.452220399042,0.452220399042,-0.0528301060085,H,D,1.98,-1.0,-1.0
308,D1,2014-01-25,0.529557488698,0.250567648772,0.21987486253,0.529557488698,-0.04515515498,A,H,1.74,-1.0,-1.0
309,E0,2012-11-24,0.289593830987,0.305974237203,0.40443193181,0.40443193181,-0.0628577878161,H,H,2.14,1.14,1.21
310,E1,2016-12-26,0.298044685527,0.264070691145,0.437884623328,0.437884623328,-0.020830973002,H,D,2.18,-1.0,-1.0
311,I1,2013-04-21,0.259335251834,0.302139246912,0.438525501254,0.438525501254,-0.0540853361842,H,H,2.03,1.03,1.13
312,E1,2011-05-02,0.445319867564,0.271222373355,0.283457759081,0.445319867564,-0.0546801324364,A,A,2.0,1.0,
313,F1,2013-04-13,0.280136736376,0.298038330842,0.421824932782,0.421824932782,-0.0266055604917,H,H,2.23,1.23,1.21
314,F1,2016-11-26,0.167191269885,0.218465361705,0.61434336841,0.61434336841,0.00828276234949,H,H,1.65,0.65,0.66
315,SC0,2013-04-22,0.371626798356,0.28771194488,0.340661256764,0.371626798356,-0.0315990080961,A,D,2.48,-1.0,-1.0
316,I1,2017-02-18,0.555707057847,0.25192458096,0.192368361193,0.555707057847,-0.0360089184846,A,A,1.69,0.69,0.71
317,E1,2010-03-06,0.295089605157,0.280209814804,0.424700580039,0.424700580039,-0.0237299132348,H,H,2.23,1.23,
318,E1,2014-02-22,0.287431024991,0.281027092605,0.431541882405,0.431541882405,-0.0189085680459,H,A,2.22,-1.0,-1.0
319,SC0,2011-01-29,0.376908857746,0.302503166208,0.320587976046,0.376908857746,-0.0329272078273,A,D,2.44,-1.0,-1.0
320,D1,2015-02-03,0.155785676921,0.197025518314,0.647188804765,0.647188804765,-0.00216184458554,H,H,1.54,0.54,0.57
321,F1,2012-12-15,0.281739588668,0.304671876039,0.413588535293,0.413588535293,-0.0308559091518,H,A,2.25,-1.0,-1.0
322,D1,2012-02-10,0.172361850354,0.235413464047,0.592224685599,0.592224685599,-0.00657770961085,H,H,1.67,0.67,
323,I1,2010-04-25,0.459545710038,0.270369309744,0.270084980219,0.459545710038,-0.058589004988,A,H,1.93,-1.0,-1.0
324,E1,2010-04-05,0.164199532997,0.25035154792,0.585448919083,0.585448919083,-0.0243071784782,H,H,1.64,0.64,
325,I1,2012-02-19,0.226695554328,0.295127892917,0.478176552755,0.478176552755,-0.0346439600658,H,D,1.95,-1.0,-1.0
326,E0,2011-02-02,0.49736616374,0.272030133557,0.230603702704,0.49736616374,-0.0461120971298,A,D,1.84,-1.0,-1.0
327,SP1,2014-04-05,0.120929415633,0.233539397565,0.645531186802,0.645531186802,-0.0167204688275,H,H,1.51,0.51,0.53
328,E0,2016-04-19,0.608912569354,0.202722731278,0.188364699368,0.608912569354,-0.0280301058056,A,D,1.57,-1.0,-1.0
329,I1,2012-05-13,0.0620440318223,0.177343220949,0.760612747229,0.760612747229,-0.0145810512207,H,H,1.29,0.29,
330,E2,2015-01-17,0.312238167496,0.296516402421,0.391245430083,0.391245430083,-0.0571850631908,H,H,2.23,1.23,1.31
331,I1,2013-01-13,0.27989643673,0.292829305508,0.427274257762,0.427274257762,-0.0252144300211,H,H,2.21,1.21,1.26
332,SP1,2015-03-07,0.441021215519,0.269814383832,0.28916440065,0.441021215519,-0.0351692606719,A,A,2.1,1.1,1.12
333,E2,2013-12-14,0.278102334273,0.29155579463,0.430341871097,0.430341871097,-0.0622689663413,H,D,2.03,-1.0,-1.0
334,D1,2014-05-10,0.616115990866,0.186875139117,0.197008870017,0.616115990866,-0.041778745976,A,A,1.52,0.52,0.54
335,E2,2012-03-06,0.150839324804,0.238783887686,0.61037678751,0.61037678751,-0.0432179837323,H,H,1.53,0.53,
336,E0,2012-04-14,0.253120112476,0.280743717751,0.466136169773,0.466136169773,-0.0363763930409,H,H,1.99,0.99,
337,F1,2014-04-11,0.291556855791,0.292660453748,0.415782690462,0.415782690462,-0.0171177424388,H,A,2.31,-1.0,-1.0
338,E2,2014-03-08,0.139015365671,0.241733997043,0.619250637286,0.619250637286,-0.0176920378735,H,H,1.57,0.57,0.57
339,I1,2014-11-30,0.0461682593335,0.175815752701,0.778015987965,0.778015987965,-0.00323401203459,H,H,1.28,0.28,0.29
340,SP1,2013-01-12,0.638477849415,0.217956208063,0.143565942521,0.638477849415,-0.032663090182,A,D,1.49,-1.0,-1.0
341,F1,2016-03-18,0.236738193413,0.289806822885,0.473454983703,0.473454983703,-0.042008933823,H,A,1.94,-1.0,-1.0
342,E1,2016-03-12,0.34399759005,0.317295569977,0.338706839974,0.34399759005,-0.0183212505298,A,A,2.76,1.76,1.84
343,F1,2015-03-08,0.327220898761,0.29417111734,0.378607983899,0.378607983899,-0.00307140541389,H,A,2.62,-1.0,-1.0
344,SP1,2013-05-26,0.370413250587,0.26606286979,0.363523879623,0.370413250587,-0.0445245087491,A,A,2.41,1.41,1.5
345,SP1,2010-01-03,0.62888558882,0.222383336713,0.148731074467,0.62888558882,-0.051386520024,A,D,1.47,-1.0,-1.0
346,I1,2011-02-27,0.291945217266,0.311476741768,0.396578040966,0.396578040966,-0.0183597183704,H,H,2.41,1.41,
347,F1,2013-12-07,0.288973273352,0.316076675159,0.394950051489,0.394950051489,-0.0555003989618,H,H,2.22,1.22,1.28
348,I1,2014-03-17,0.0924001123713,0.200549520718,0.707050366911,0.707050366911,-0.0123740935206,H,H,1.39,0.39,0.4
349,E2,2016-03-28,0.313212315659,0.316632854811,0.37015482953,0.37015482953,-0.0535739840296,H,H,2.36,1.36,1.42
350,F1,2015-01-31,0.294932559406,0.28194073345,0.423126707144,0.423126707144,0.0047166653028,H,D,2.39,-1.0,-1.0
351,I1,2010-11-10,0.492487737872,0.291391979126,0.216120283002,0.492487737872,-0.0569628115786,A,D,1.82,-1.0,-1.0
352,E2,2012-04-21,0.224972212273,0.288778756301,0.486249031426,0.486249031426,-0.0456658621907,H,D,1.88,-1.0,-1.0
353,E1,2016-04-09,0.226821913707,0.264412969999,0.508765116294,0.508765116294,-0.0259942419945,H,H,1.87,0.87,0.94
354,D1,2013-12-08,0.464026750694,0.265341532784,0.270631716523,0.464026750694,-0.0334856871172,A,A,2.01,1.01,1.01
355,E2,2014-12-26,0.384245337668,0.292384005591,0.323370656741,0.384245337668,-0.0341647041727,A,H,2.39,-1.0,-1.0
356,E2,2016-12-31,0.287077388465,0.262577958234,0.450344653302,0.450344653302,0.0266158397422,H,D,2.36,-1.0,-1.0
357,SP1,2015-11-01,0.308952559572,0.303574562733,0.387472877695,0.387472877695,-0.0344680505749,H,H,2.37,1.37,1.44
358,E1,2013-03-29,0.245496162152,0.267148799077,0.487355038772,0.487355038772,-0.0389607507021,H,D,1.9,-1.0,-1.0
359,E2,2010-03-20,0.367008324393,0.277796059404,0.355195616203,0.367008324393,-0.0514017174477,A,A,2.39,1.39,
360,D1,2016-01-30,0.256781206682,0.258433384467,0.484785408851,0.484785408851,-0.0127270289603,H,D,2.01,-1.0,-1.0
361,E1,2009-11-28,0.307675467576,0.274411234486,0.417913297939,0.417913297939,-0.0206831932896,H,A,2.28,-1.0,-1.0
362,I1,2012-02-19,0.228480556122,0.279267859847,0.492251584031,0.492251584031,-0.0232123334951,H,A,1.94,-1.0,-1.0
363,D1,2014-11-08,0.856397461428,0.0766105480905,0.0669919904815,0.856397461428,0.0299511804362,A,A,1.21,0.21,0.24
364,E1,2013-03-16,0.394422630857,0.294402164911,0.311175204232,0.394422630857,-0.0347619184994,A,A,2.33,1.33,1.39
365,E2,2015-12-26,0.373931353389,0.251634995628,0.374433650983,0.374433650983,-0.00292483958323,H,A,2.65,-1.0,-1.0
366,E1,2010-03-06,0.436932792336,0.282374759215,0.28069244845,0.436932792336,-0.048504100868,A,H,2.06,-1.0,-1.0
367,SP1,2016-12-04,0.25575224682,0.28426465621,0.459983096969,0.459983096969,-0.032627740469,H,H,2.03,1.03,1.08
368,E0,2017-01-21,0.40280883252,0.279473984522,0.317717182958,0.40280883252,-0.0191320957498,A,A,2.37,1.37,1.4
369,E2,2017-02-18,0.166533341552,0.220991066156,0.612475592291,0.612475592291,-0.0125244077087,H,D,1.6,-1.0,-1.0
370,E2,2016-02-20,0.285774059614,0.253014673401,0.461211266984,0.461211266984,-0.0289848114471,H,H,2.04,1.04,1.12
371,E2,2014-04-18,0.389991310984,0.28696795529,0.323040733726,0.389991310984,-0.0429091219163,A,A,2.31,1.31,1.38
372,D1,2009-12-05,0.189064555002,0.260996868284,0.549938576714,0.549938576714,-0.0247740669643,H,H,1.74,0.74,
373,E2,2012-01-31,0.126744636995,0.205165230577,0.668090132428,0.668090132428,-0.0215650399856,H,D,1.45,-1.0,-1.0
374,E1,2011-03-05,0.165556610709,0.251055910839,0.583387478452,0.583387478452,-0.0416125215479,H,H,1.6,0.6,
375,E2,2011-01-15,0.327193988623,0.282073223673,0.390732787704,0.390732787704,-0.0366176396468,H,D,2.34,-1.0,-1.0
376,E2,2013-02-16,0.264697135972,0.240975426256,0.494327437773,0.494327437773,0.0135582070035,H,H,2.08,1.08,1.16
377,E2,2013-12-21,0.221901002576,0.274484544523,0.503614452901,0.503614452901,-0.058183299908,H,H,1.78,0.78,0.81
378,E0,2012-11-28,0.340715914323,0.269050754606,0.390233331071,0.390233331071,-0.017929934235,H,D,2.45,-1.0,-1.0
379,SP1,2015-12-30,0.206251699841,0.269893946865,0.523854353293,0.523854353293,-0.0166861872473,H,H,1.85,0.85,0.88
380,E2,2015-04-14,0.308619114708,0.287127882431,0.40425300286,0.40425300286,-0.0523680017057,H,A,2.19,-1.0,-1.0
381,I1,2016-03-05,0.3367238221,0.270223347345,0.393052830555,0.393052830555,-0.016783235019,H,A,2.44,-1.0,-1.0
382,F1,2017-02-24,0.255566022135,0.285679507884,0.458754469981,0.458754469981,-0.0362950349692,H,H,2.02,1.02,1.05
383,SC0,2012-03-24,0.421926852346,0.294710852786,0.283362294868,0.421926852346,-0.0346941522206,A,D,2.19,-1.0,-1.0
384,I1,2015-03-22,0.0585485542532,0.172553202626,0.768898243121,0.768898243121,-0.000332526110158,H,H,1.3,0.3,0.32
385,E1,2014-12-28,0.319105711927,0.301078709701,0.379815578372,0.379815578372,-0.0768054261944,H,H,2.19,1.19,1.19
386,E1,2015-11-21,0.331552732823,0.29389613544,0.374551131738,0.374551131738,-0.00859063071448,H,A,2.61,-1.0,-1.0
387,D1,2011-01-22,0.0483696817902,0.130914383497,0.820715934713,0.820715934713,0.00104380356569,H,H,1.22,0.22,
388,E0,2015-03-04,0.62247517591,0.210398579393,0.167126244697,0.62247517591,-0.0311195953313,A,A,1.53,0.53,0.54
389,F1,2011-05-07,0.280172985899,0.328016363711,0.391810650389,0.391810650389,-0.0648103541768,H,H,2.19,1.19,
390,E0,2014-12-28,0.432050601809,0.249138848563,0.318810549628,0.432050601809,-0.0396475113982,A,A,2.12,1.12,1.17
391,SC0,2011-12-03,0.242590119033,0.290731406727,0.466678474239,0.466678474239,-0.0358340885747,H,A,1.99,-1.0,-1.0
392,E0,2013-01-29,0.361666074718,0.285019539094,0.353314386188,0.361666074718,-0.022949309897,A,A,2.6,1.6,1.64
393,E2,2015-01-10,0.334056190523,0.274918138916,0.391025670561,0.391025670561,-0.00897432943902,H,H,2.5,1.5,1.58
394,E0,2011-04-23,0.206235123562,0.25650505691,0.537259819528,0.537259819528,-0.0121907299228,H,D,1.82,-1.0,-1.0
395,SC0,2015-04-04,0.205076222183,0.272255097938,0.522668679879,0.522668679879,-0.0423030715338,H,D,1.77,-1.0,-1.0
396,E1,2016-12-31,0.377187676035,0.303707769558,0.319104554406,0.377187676035,-0.0228123239645,A,D,2.5,-1.0,-1.0
397,SC0,2014-01-02,0.297283051759,0.27493329338,0.427783654861,0.427783654861,-0.0247050329217,H,H,2.21,1.21,1.22
398,SP1,2012-05-05,0.262456247899,0.275419629359,0.462124122742,0.462124122742,-0.0454900904557,H,H,1.97,0.97,
399,D1,2016-04-23,0.208981813619,0.246762097495,0.544256088885,0.544256088885,0.00662168028305,H,D,1.86,-1.0,-1.0
400,D1,2011-12-18,0.212111646961,0.274248954195,0.513639398844,0.513639398844,-0.0211199594446,H,H,1.87,0.87,
401,F1,2012-11-24,0.249644453735,0.287536830494,0.46281871577,0.46281871577,-0.0156501837512,H,D,2.09,-1.0,-1.0
402,SP1,2016-02-08,0.333562822864,0.272421149115,0.394016028022,0.394016028022,0.0166575374555,H,A,2.65,-1.0,-1.0
403,E2,2017-01-07,0.278969720843,0.268327695329,0.452702583829,0.452702583829,-0.0124136952409,H,D,2.15,-1.0,-1.0
404,SP1,2017-01-20,0.287010317849,0.270890581704,0.442099100447,0.442099100447,0.0129145510911,H,D,2.33,-1.0,-1.0
405,SP1,2015-02-21,0.0242879912868,0.144202873732,0.831509134981,0.831509134981,0.00506285398955,H,H,1.21,0.21,0.23
406,E0,2015-12-30,0.552422951382,0.246116842352,0.201460206266,0.552422951382,-0.0358123427357,A,A,1.7,0.7,0.71
407,I1,2013-01-27,0.440874772955,0.294638114688,0.264487112357,0.440874772955,-0.0308233402522,A,A,2.12,1.12,1.17
408,E1,2011-12-26,0.238527674949,0.270689854162,0.490782470889,0.490782470889,-0.0117300919252,H,H,1.99,0.99,
409,F1,2010-05-05,0.239126739876,0.292439653161,0.468433606964,0.468433606964,-0.0391806062344,H,D,1.97,-1.0,-1.0
410,SC0,2017-03-18,0.185170745608,0.241885940189,0.572943314203,0.572943314203,-0.00176932947539,H,H,1.74,0.74,0.78
411,D1,2011-01-16,0.239452295634,0.251519304367,0.509028399999,0.509028399999,-0.0172873894743,H,D,1.9,-1.0,-1.0
412,SP1,2017-03-03,0.328475101153,0.318524641444,0.353000257403,0.353000257403,-0.0301415050494,H,A,2.61,-1.0,-1.0
413,SP1,2012-12-22,0.208185914191,0.250747354234,0.541066731575,0.541066731575,-0.00241152929464,H,A,1.84,-1.0,-1.0
414,F1,2014-11-30,0.26262039667,0.28522618683,0.4521534165,0.4521534165,-0.000335271282598,H,H,2.21,1.21,1.29
415,E2,2011-03-29,0.319763337551,0.291960554014,0.388276108435,0.388276108435,-0.0465065002605,H,H,2.3,1.3,
416,I1,2015-01-17,0.431313068021,0.281191751974,0.287495180005,0.431313068021,-0.031649894942,A,D,2.16,-1.0,-1.0
417,E2,2017-01-21,0.358423279293,0.294178949535,0.347397771171,0.358423279293,-0.0161085559126,A,A,2.67,1.67,1.77
418,E2,2015-02-21,0.175659080048,0.283333653615,0.541007266338,0.541007266338,-0.0839927336624,H,H,1.6,0.6,0.63
419,E1,2015-03-17,0.179172491868,0.247548519956,0.573278988176,0.573278988176,-0.0149563059414,H,H,1.7,0.7,0.72
420,F1,2013-04-14,0.201468598818,0.286407151179,0.512124250003,0.512124250003,-0.0284162905376,H,H,1.85,0.85,0.87
421,SP1,2013-02-03,0.651531322588,0.183841987954,0.164626689458,0.651531322588,-0.0334001842617,A,D,1.46,-1.0,-1.0
422,E1,2017-01-25,0.191228411328,0.237844233844,0.570927354828,0.570927354828,0.00274553664629,H,H,1.76,0.76,0.79
423,I1,2016-04-09,0.573888816511,0.237609822142,0.188501361347,0.573888816511,-0.0550420010992,A,A,1.59,0.59,0.62
424,SC0,2013-12-14,0.478258958133,0.277832204196,0.24390883767,0.478258958133,-0.0593754504687,A,A,1.86,0.86,0.86
425,F1,2010-02-20,0.317456586905,0.275629912677,0.406913500418,0.406913500418,0.0100881035926,H,A,2.52,-1.0,-1.0
426,E1,2012-03-10,0.0898295943453,0.221723743086,0.688446662569,0.688446662569,-0.0361910185907,H,H,1.38,0.38,
427,D1,2017-03-05,0.270123785783,0.280363801553,0.449512412664,0.449512412664,-0.0221857005434,H,A,2.12,-1.0,-1.0
428,I1,2010-03-07,0.121202662067,0.241044222694,0.637753115239,0.637753115239,-0.0289135514281,H,H,1.5,0.5,
429,E1,2011-02-26,0.227512674506,0.258515749381,0.513971576112,0.513971576112,-0.00416313891351,H,H,1.93,0.93,
430,I1,2010-04-25,0.0940564579037,0.211341569808,0.694601972288,0.694601972288,-0.0248224881436,H,H,1.39,0.39,
431,F1,2012-02-12,0.160964173514,0.265660591315,0.573375235171,0.573375235171,-0.0218628600672,H,A,1.68,-1.0,-1.0
432,I1,2015-04-12,0.330394920727,0.311510890485,0.358094188788,0.358094188788,-0.0122761815823,H,A,2.7,-1.0,-1.0
433,I1,2012-12-15,0.324300239052,0.278661380803,0.397038380145,0.397038380145,-0.012797685429,H,H,2.44,1.44,1.51
434,SC0,2011-12-04,0.569659605821,0.2570245468,0.173315847379,0.569659605821,-0.0592712117892,A,A,1.59,0.59,
435,SC0,2013-12-07,0.347979824462,0.280752240103,0.371267935435,0.371267935435,-0.0224328519664,H,A,2.54,-1.0,-1.0
436,SP1,2013-03-17,0.240080371113,0.287711035839,0.472208593048,0.472208593048,-0.0354056201499,H,D,1.97,-1.0,-1.0
437,I1,2010-02-28,0.0671611586153,0.199301085052,0.733537756333,0.733537756333,-0.0183419429153,H,H,1.33,0.33,
438,E0,2010-03-21,0.388400140983,0.266545345377,0.345054513641,0.388400140983,-0.0501963502455,A,A,2.28,1.28,
439,E2,2012-12-08,0.233194625009,0.275876063103,0.490929311888,0.490929311888,-0.0409855817292,H,H,1.88,0.88,0.93
440,SC0,2016-05-07,0.243115510066,0.265823032339,0.491061457595,0.491061457595,-0.0380390715056,H,A,1.89,-1.0,-1.0
441,E0,2012-02-11,0.227154380897,0.281337288959,0.491508330143,0.491508330143,-0.0490322103972,H,A,1.85,-1.0,-1.0
442,I1,2016-12-22,0.279053630133,0.275579275071,0.445367094796,0.445367094796,-0.0154623982917,H,D,2.17,-1.0,-1.0
443,SC0,2013-03-06,0.423060892284,0.278648885673,0.298290222043,0.423060892284,-0.0420553867857,A,H,2.15,-1.0,-1.0
444,E0,2015-12-26,0.0441241077906,0.0964138884766,0.859462003733,0.859462003733,0.033015722741,H,H,1.21,0.21,0.21
445,E2,2014-12-28,0.284637743137,0.298347241646,0.417015015216,0.417015015216,-0.0804974225948,H,D,2.01,-1.0,-1.0
446,E0,2013-04-13,0.112326540129,0.193205481733,0.694467978138,0.694467978138,-0.00483272116256,H,H,1.43,0.43,0.47
447,E0,2012-11-17,0.0454765755557,0.11642025631,0.838103168134,0.838103168134,0.0116568871421,H,H,1.21,0.21,0.22
448,SP1,2013-05-26,0.18836624765,0.206295614015,0.605338138335,0.605338138335,-0.0235926792748,H,D,1.59,-1.0,-1.0
449,F1,2011-05-21,0.116801343849,0.204344106524,0.678854549627,0.678854549627,-0.0204461496737,H,D,1.43,-1.0,-1.0
450,SP1,2014-01-19,0.399741862956,0.278009827087,0.322248309958,0.399741862956,-0.0331585699447,A,D,2.31,-1.0,-1.0
451,D1,2013-03-10,0.325637041874,0.285103761049,0.389259197077,0.389259197077,-0.0417752856819,H,A,2.32,-1.0,-1.0
452,E0,2012-03-24,0.205172752763,0.260619331193,0.534207916044,0.534207916044,-0.0372206553843,H,H,1.75,0.75,
453,SP1,2016-01-10,0.286008244225,0.284853755168,0.429138000607,0.429138000607,-0.0213124498432,H,H,2.22,1.22,1.25
454,E2,2015-04-18,0.480828566822,0.26355912546,0.255612307718,0.480828566822,-0.0427316426017,A,D,1.91,-1.0,-1.0
455,I1,2017-05-07,0.526781478603,0.245860122416,0.227358398981,0.526781478603,-0.0318777392739,A,D,1.79,-1.0,-1.0
456,F1,2013-03-02,0.212450010647,0.258982672351,0.528567317002,0.528567317002,-0.00053321209809,H,D,1.89,-1.0,-1.0
457,E1,2013-01-12,0.336842605904,0.290497489092,0.372659905004,0.372659905004,-0.0388627287406,H,D,2.43,-1.0,-1.0
458,E0,2010-03-21,0.157778711864,0.261254323025,0.580966965112,0.580966965112,-0.0142711301264,H,H,1.68,0.68,
459,SP1,2016-01-24,0.773627937834,0.116368206057,0.110003856109,0.773627937834,-0.00156586061543,A,D,1.29,-1.0,-1.0
460,D1,2011-02-05,0.210306335667,0.256028208238,0.533665456095,0.533665456095,-0.0249937617823,H,H,1.79,0.79,
461,I1,2015-01-31,0.438380391462,0.297556494976,0.264063113563,0.438380391462,-0.0203352048688,A,D,2.18,-1.0,-1.0
462,E2,2011-04-22,0.30199882047,0.290374155746,0.407627023784,0.407627023784,-0.0489939807823,H,D,2.19,-1.0,-1.0
463,E0,2014-01-01,0.465492356876,0.279105163253,0.255402479871,0.465492356876,-0.029557148074,A,A,2.02,1.02,1.07
464,D1,2016-04-09,0.289326968636,0.264639588981,0.446033442382,0.446033442382,-0.0212562772437,H,D,2.14,-1.0,-1.0
465,D1,2015-03-20,0.299873975748,0.303265070134,0.396860954118,0.396860954118,-0.0323235952381,H,A,2.33,-1.0,-1.0
466,I1,2010-05-09,0.579301891725,0.270666714701,0.150031393574,0.579301891725,-0.061723749301,A,A,1.56,0.56,
467,SC0,2015-01-04,0.268810158073,0.284612774063,0.446577067864,0.446577067864,-0.0636270137685,H,D,1.96,-1.0,-1.0
468,E2,2010-12-28,0.223592209456,0.271648722864,0.50475906768,0.50475906768,-0.0300002906092,H,H,1.87,0.87,
469,F1,2016-12-03,0.262994746988,0.291094057278,0.445911195734,0.445911195734,-0.0128044005966,H,H,2.18,1.18,1.21
470,E0,2011-01-15,0.0515166309888,0.163546457685,0.784936911326,0.784936911326,-0.00246466347668,H,H,1.27,0.27,
471,D1,2014-05-03,0.402015036806,0.270751227371,0.327233735823,0.402015036806,-0.018153030421,A,A,2.38,1.38,1.46
472,F1,2013-12-08,0.330012237855,0.309487418966,0.360500343179,0.360500343179,-0.0168581473869,H,H,2.65,1.65,1.8
473,E2,2010-12-04,0.364498179667,0.301033788331,0.334468032002,0.364498179667,-0.0246068786992,A,H,2.57,-1.0,-1.0
474,SP1,2012-01-28,0.800088133773,0.122530263032,0.0773816031957,0.800088133773,-0.00636347913047,A,D,1.24,-1.0,-1.0
475,F1,2015-05-10,0.490377627486,0.277116373526,0.232505998988,0.490377627486,-0.0359381619873,A,A,1.9,0.9,0.93
476,E2,2016-04-23,0.0700054422365,0.207439152872,0.722555404891,0.722555404891,-0.0293242943569,H,H,1.33,0.33,0.36
477,F1,2014-12-06,0.0925827644676,0.247788538959,0.659628696574,0.659628696574,-0.0253028102754,H,H,1.46,0.46,0.47
478,SP1,2017-05-01,0.468987397919,0.226395608326,0.304616993755,0.468987397919,-0.0412166837135,A,H,1.96,-1.0,-1.0
479,E1,2013-01-19,0.432926097326,0.278039544707,0.289034357967,0.432926097326,-0.0236949072402,A,D,2.19,-1.0,-1.0
480,SP1,2016-04-20,0.40868337478,0.271304588494,0.320012036725,0.40868337478,-0.0299131164477,A,H,2.28,-1.0,-1.0
481,E1,2010-12-11,0.337315490046,0.283858048717,0.378826461238,0.378826461238,-0.0260318383576,H,H,2.47,1.47,
482,E1,2016-03-08,0.352411176888,0.305886671593,0.341702151519,0.352411176888,-0.00473168025439,A,H,2.8,-1.0,-1.0
483,E2,2015-11-24,0.498551862608,0.245425426269,0.256022711123,0.498551862608,-0.0478962248233,A,H,1.83,-1.0,-1.0
484,SP1,2017-03-12,0.0123384310789,0.043909892305,0.943751676616,0.943751676616,0.0508945337589,H,H,1.12,0.12,0.14
485,E0,2013-05-04,0.125717039594,0.205139837663,0.669143122743,0.669143122743,-0.020512049671,H,H,1.45,0.45,0.48
486,E2,2010-12-28,0.33732849697,0.28524224347,0.37742925956,0.37742925956,-0.0481026553336,H,D,2.35,-1.0,-1.0
487,D1,2010-05-01,0.306940541975,0.299576524337,0.393482933688,0.393482933688,-0.0694800292748,H,A,2.16,-1.0,-1.0
488,SP1,2016-02-14,0.145073746517,0.229496098205,0.625430155278,0.625430155278,-0.00748123712719,H,H,1.58,0.58,0.61
489,E2,2016-03-08,0.398324825369,0.287208193324,0.314466981308,0.398324825369,-0.0345756075318,A,H,2.31,-1.0,-1.0
490,E1,2016-01-23,0.267299992394,0.262423985266,0.47027602234,0.47027602234,-0.00365762694917,H,H,2.11,1.11,1.17
491,SC0,2010-02-28,0.325528117303,0.319362611074,0.355109271622,0.355109271622,-0.0834872196059,H,H,2.28,1.28,
492,E0,2011-12-18,0.63836344235,0.224897232882,0.136739324768,0.63836344235,-0.0419086664935,A,A,1.47,0.47,
493,D1,2010-01-23,0.333889211417,0.299374143133,0.36673664545,0.36673664545,-0.0482011138861,H,H,2.41,1.41,
494,E2,2010-05-08,0.209844183706,0.275637824246,0.514517992047,0.514517992047,-0.0441412258298,H,H,1.79,0.79,
495,D1,2012-04-22,0.230553710181,0.261499668351,0.507946621468,0.507946621468,-0.029687787134,H,D,1.86,-1.0,-1.0
496,SP1,2016-03-13,0.121150935702,0.208771545882,0.670077518416,0.670077518416,-0.0148539884336,H,H,1.46,0.46,0.51
497,D1,2014-05-03,0.437677161426,0.218344720416,0.343978118157,0.437677161426,-0.0673733436242,A,A,1.98,0.98,1.01
498,F1,2011-01-29,0.439918568656,0.296835038907,0.263246392437,0.439918568656,-0.0478863093931,A,H,2.05,-1.0,-1.0
499,SC0,2009-11-21,0.0596967565049,0.19009670214,0.750206541355,0.750206541355,-0.0434442522957,H,H,1.26,0.26,
500,E1,2012-02-25,0.320929460751,0.289496638119,0.38957390113,0.38957390113,-0.0490225900982,H,H,2.28,1.28,
501,E1,2015-01-21,0.350415382953,0.326019775404,0.323564841643,0.350415382953,-0.00929684726275,A,H,2.78,-1.0,-1.0
502,E1,2015-12-11,0.293451185889,0.286377566413,0.420171247698,0.420171247698,-0.0223066284077,H,D,2.26,-1.0,-1.0
503,E2,2013-03-29,0.398506917387,0.298644393831,0.302848688782,0.398506917387,-0.0343935155133,A,A,2.31,1.31,1.46
504,E2,2011-04-02,0.267214427349,0.26625940098,0.466526171671,0.466526171671,-0.0119427278505,H,D,2.09,-1.0,-1.0
505,SP1,2012-02-12,0.00662045902009,0.0262835608571,0.967095980123,0.967095980123,0.0411700541969,H,H,1.08,0.08,
506,E1,2016-12-17,0.447362102048,0.290466694488,0.262171203464,0.447362102048,-0.0265715472411,A,A,2.11,1.11,1.12
507,F1,2015-01-17,0.510251728579,0.278313461806,0.211434809615,0.510251728579,-0.0361963588525,A,A,1.83,0.83,0.86
508,SC0,2013-04-27,0.236723056604,0.287285618313,0.475991325084,0.475991325084,-0.0448420082495,H,H,1.92,0.92,0.95
509,SP1,2013-05-05,0.197490031033,0.248279925894,0.554230043073,0.554230043073,-0.0204826006048,H,D,1.74,-1.0,-1.0
510,SP1,2015-12-19,0.474793975401,0.250895645711,0.274310378888,0.474793975401,-0.0380265374197,A,D,1.95,-1.0,-1.0
511,SP1,2014-02-15,0.0266620810064,0.120481937194,0.8528559818,0.8528559818,0.0125198473461,H,H,1.19,0.19,0.2
512,E2,2011-02-15,0.284956315428,0.261233915471,0.453809769101,0.453809769101,-0.00701972398667,H,A,2.17,-1.0,-1.0
513,E0,2010-05-05,0.262193644525,0.26620791076,0.471598444714,0.471598444714,-0.0114933427253,H,A,2.07,-1.0,-1.0
514,F1,2012-05-02,0.288084063412,0.273759403523,0.438156533065,0.438156533065,0.00525610016429,H,H,2.31,1.31,
515,E2,2013-11-30,0.36651497388,0.299458080761,0.334026945359,0.36651497388,-0.0210819253448,A,H,2.58,-1.0,-1.0
516,E1,2013-01-01,0.312414061905,0.284856140244,0.402729797851,0.402729797851,-0.0397480782552,H,H,2.26,1.26,1.34
517,E0,2015-11-21,0.630761434284,0.210873197918,0.158365367798,0.630761434284,-0.0185892150668,A,H,1.54,-1.0,-1.0
518,E2,2013-03-02,0.362994896865,0.303576238595,0.33342886454,0.362994896865,-0.0186844924483,A,A,2.62,1.62,1.75
519,E1,2013-04-06,0.230432352074,0.27773350303,0.491834144896,0.491834144896,-0.0458002637059,H,D,1.86,-1.0,-1.0
520,E2,2012-03-17,0.297826909614,0.289238665425,0.412934424961,0.412934424961,-0.0315100194833,H,A,2.25,-1.0,-1.0
521,E1,2010-02-20,0.271199504494,0.279453176286,0.44934731922,0.44934731922,-0.0291215803014,H,A,2.09,-1.0,-1.0
522,SC0,2016-12-31,0.335237197632,0.274896994458,0.38986580791,0.38986580791,-0.0250719514261,H,H,2.41,1.41,1.48
523,SP1,2013-11-25,0.337035051557,0.265896195769,0.397068752674,0.397068752674,0.00181183567812,H,A,2.53,-1.0,-1.0
524,SC0,2014-03-29,0.286410501063,0.277842297335,0.435747201602,0.435747201602,-0.0450220291668,H,D,2.08,-1.0,-1.0
525,I1,2017-03-10,0.0989046243184,0.198369143425,0.702726232257,0.702726232257,0.00342553295582,H,H,1.43,0.43,0.45
526,D1,2011-01-22,0.391448205913,0.273024037774,0.335527756313,0.391448205913,-0.0340837089808,A,H,2.35,-1.0,-1.0
527,E1,2012-03-24,0.326409201156,0.305820978491,0.367769820353,0.367769820353,-0.0420662452207,H,H,2.44,1.44,
528,D1,2013-02-24,0.558909837637,0.236454677355,0.204635485008,0.558909837637,-0.0545870948779,A,D,1.63,-1.0,-1.0
529,E2,2011-03-01,0.461522507374,0.266350320153,0.272127172473,0.461522507374,-0.0512980054462,A,A,1.95,0.95,
530,D1,2017-04-08,0.332457599644,0.294481425051,0.373060975306,0.373060975306,-0.0418767840305,H,H,2.41,1.41,1.48
531,E1,2011-12-30,0.108788644818,0.209239580069,0.681971775114,0.681971775114,-0.0222535769991,H,A,1.42,-1.0,-1.0
532,D1,2012-03-24,0.17596466856,0.248134785647,0.575900545792,0.575900545792,-0.0158154305389,H,A,1.69,-1.0,-1.0
533,E2,2010-04-24,0.222485962801,0.281937891738,0.495576145461,0.495576145461,-0.0630830724162,H,D,1.79,-1.0,-1.0
534,SP1,2009-12-05,0.515903654212,0.275474014472,0.208622331316,0.515903654212,-0.0588089894658,A,A,1.74,0.74,
535,SP1,2014-05-04,0.816943238687,0.147607735116,0.0354490261972,0.816943238687,0.00393510860536,A,H,1.23,-1.0,-1.0
536,E1,2010-02-09,0.32378615345,0.285049044692,0.391164801858,0.391164801858,-0.0255018648085,H,H,2.4,1.4,
537,E0,2010-03-07,0.0775619088444,0.214072647649,0.708365443506,0.708365443506,-0.0215615637929,H,H,1.37,0.37,
538,E0,2016-04-23,0.152830306317,0.198791921213,0.64837777247,0.64837777247,0.00321648214703,H,D,1.55,-1.0,-1.0
539,E1,2013-12-14,0.217360984359,0.259976993589,0.522662022051,0.522662022051,-0.000898187372707,H,D,1.91,-1.0,-1.0
540,E2,2017-04-08,0.434886243099,0.268926485592,0.296187271309,0.434886243099,-0.0345973249762,A,H,2.13,-1.0,-1.0
541,E2,2016-12-17,0.31059953271,0.270605070499,0.418795396792,0.418795396792,-0.0198010944366,H,A,2.28,-1.0,-1.0
542,SP1,2011-03-19,0.0169128611645,0.0540417263219,0.929045412514,0.929045412514,0.0361882696564,H,H,1.12,0.12,
543,E2,2010-03-27,0.168872711471,0.288569130066,0.542558158464,0.542558158464,-0.0943845166955,H,D,1.57,-1.0,-1.0
544,SP1,2011-12-18,0.193773049483,0.255096247465,0.551130703053,0.551130703053,-0.020297868376,H,H,1.75,0.75,
545,SP1,2015-04-27,0.0668176316713,0.180985406253,0.752196962076,0.752196962076,-0.0111618165501,H,H,1.31,0.31,0.32
546,E1,2015-11-07,0.158041569139,0.243798713303,0.598159717558,0.598159717558,-0.0115963800025,H,H,1.64,0.64,0.67
547,SP1,2013-11-24,0.437057758378,0.295076774309,0.267865467313,0.437057758378,-0.0324258096971,A,A,2.13,1.13,1.13
548,I1,2011-11-20,0.354355974312,0.28292506122,0.362718964467,0.362718964467,0.0214220361398,H,H,2.93,1.93,
549,F1,2013-05-26,0.214703064132,0.26738916425,0.517907771618,0.517907771618,-0.000226943408214,H,H,1.93,0.93,0.93
550,E1,2014-02-15,0.354999180672,0.278752666699,0.36624815263,0.36624815263,0.00910529548693,H,D,2.8,-1.0,-1.0
551,E0,2014-11-29,0.291778040774,0.282062475821,0.426159483405,0.426159483405,-0.0105217393024,H,H,2.29,1.29,1.32
552,D1,2011-01-30,0.262812009143,0.263155365303,0.474032625554,0.474032625554,-0.0259673744457,H,A,2.0,-1.0,-1.0
553,E0,2014-02-08,0.259241037572,0.305350263223,0.435408699205,0.435408699205,-0.040781776985,H,A,2.1,-1.0,-1.0
554,SP1,2013-01-26,0.245834004611,0.277378050128,0.476787945262,0.476787945262,-0.028262559789,H,H,1.98,0.98,0.98
555,SP1,2015-03-14,0.255428481751,0.279873301079,0.46469821717,0.46469821717,-0.0114922590209,H,A,2.1,-1.0,-1.0
556,SP1,2017-03-19,0.178985526656,0.236728288528,0.584286184817,0.584286184817,-0.0181234537376,H,H,1.66,0.66,0.67
557,F1,2013-04-26,0.0801223412857,0.214327273337,0.705550385378,0.705550385378,-0.0243766219216,H,D,1.37,-1.0,-1.0
558,SP1,2015-04-04,0.680441958993,0.207066403825,0.112491637182,0.680441958993,-0.0237833931196,A,A,1.42,0.42,0.45
559,SP1,2015-01-09,0.266864587651,0.301072700323,0.432062712026,0.432062712026,-0.0224827425194,H,D,2.2,-1.0,-1.0
560,E2,2014-02-22,0.29132950733,0.273655809882,0.435014682788,0.435014682788,-0.0279482801748,H,A,2.16,-1.0,-1.0
561,E0,2016-12-30,0.484248695129,0.270480413283,0.245270891588,0.484248695129,-0.020801809921,A,D,1.98,-1.0,-1.0
562,I1,2012-05-02,0.0560231313913,0.150421933876,0.793554934732,0.793554934732,-0.00644506526758,H,H,1.25,0.25,
563,E0,2012-11-04,0.144317956565,0.219567129236,0.636114914199,0.636114914199,-0.00904637612334,H,D,1.55,-1.0,-1.0
564,E0,2013-01-29,0.264300149381,0.290135809943,0.445564040676,0.445564040676,-0.0261340725313,H,D,2.12,-1.0,-1.0
565,F1,2015-05-09,0.339058875885,0.271369128193,0.389571995922,0.389571995922,-0.00105300407759,H,A,2.56,-1.0,-1.0
566,SP1,2014-11-29,0.161845889604,0.239043533773,0.599110576622,0.599110576622,-0.0106455209386,H,A,1.64,-1.0,-1.0
567,D1,2010-05-01,0.0969161958351,0.174353131265,0.7287306729,0.7287306729,-0.0288450846761,H,D,1.32,-1.0,-1.0
568,D1,2014-12-17,0.138207356812,0.181111284339,0.680681358849,0.680681358849,-0.00425014800052,H,H,1.46,0.46,0.47
569,SP1,2016-02-21,0.359081164462,0.290458071915,0.350460763623,0.359081164462,-0.0285157347628,A,A,2.58,1.58,1.62
570,E0,2012-04-09,0.0726584556739,0.162045607985,0.765295936341,0.765295936341,0.00193715771497,H,A,1.31,-1.0,-1.0
571,F1,2009-12-06,0.196211350613,0.279870972251,0.523917677137,0.523917677137,-0.0285685107086,H,A,1.81,-1.0,-1.0
572,E1,2012-04-17,0.17351217342,0.27125715638,0.5552306702,0.5552306702,-0.0508299358607,H,H,1.65,0.65,
573,E2,2010-04-12,0.126711031306,0.211367063139,0.661921905554,0.661921905554,-0.03252253889,H,D,1.44,-1.0,-1.0
574,F1,2017-01-14,0.626468443579,0.227846169973,0.145685386449,0.626468443579,-0.0314262932633,A,A,1.52,0.52,0.52
575,E2,2009-11-14,0.279427385545,0.299255767651,0.421316846804,0.421316846804,-0.078683153196,H,H,2.0,1.0,
576,D1,2010-04-10,0.389740414566,0.304621143643,0.305638441792,0.389740414566,-0.0286696272753,A,A,2.39,1.39,
577,E0,2015-03-15,0.224608058294,0.242946508278,0.532445433428,0.532445433428,0.00334490432771,H,H,1.89,0.89,0.89
578,I1,2010-03-24,0.33055048442,0.32383128428,0.3456182313,0.3456182313,-0.0275160970582,H,H,2.68,1.68,
579,E1,2017-04-24,0.132313644334,0.201246282996,0.66644007267,0.66644007267,-0.0138320361731,H,H,1.47,0.47,0.5
580,SP1,2010-02-06,0.0858170273764,0.192917171343,0.721265801281,0.721265801281,-0.0250028554357,H,H,1.34,0.34,
581,E1,2011-03-01,0.149398587975,0.250006313925,0.600595098099,0.600595098099,-0.0363475770599,H,H,1.57,0.57,
582,I1,2013-11-24,0.372154632426,0.291054441301,0.336790926274,0.372154632426,-0.0376814331483,A,D,2.44,-1.0,-1.0
583,E2,2013-11-02,0.196472040389,0.260015022856,0.543512936755,0.543512936755,-0.0345217453262,H,H,1.73,0.73,0.83
584,E2,2017-02-18,0.32917902836,0.271468417758,0.399352553882,0.399352553882,0.0176731645687,H,H,2.62,1.62,1.77
585,F1,2010-05-05,0.439378477138,0.268603008708,0.292018514154,0.439378477138,-0.0656720279122,A,A,1.98,0.98,
586,SC0,2012-01-14,0.603500121816,0.252464794539,0.144035083645,0.603500121816,-0.0543946150257,A,A,1.52,0.52,
587,E0,2014-01-01,0.276856836389,0.299212323544,0.423930840068,0.423930840068,-0.04776727314,H,A,2.12,-1.0,-1.0
588,I1,2012-03-09,0.119091707667,0.250620127002,0.630288165331,0.630288165331,-0.0190624840192,H,H,1.54,0.54,
589,E1,2010-03-27,0.354047569258,0.289138949792,0.35681348095,0.35681348095,-0.0248659083633,H,A,2.62,-1.0,-1.0
590,E1,2012-11-24,0.15956504941,0.216525731577,0.623909219014,0.623909219014,-0.0130334561456,H,A,1.57,-1.0,-1.0
591,E1,2012-04-17,0.243883315633,0.272524116237,0.48359256813,0.48359256813,-0.0318713493958,H,H,1.94,0.94,
592,SP1,2010-03-13,0.272071007224,0.269432832773,0.458496160003,0.458496160003,-0.0109874080723,H,H,2.13,1.13,
593,E0,2013-01-12,0.374730115789,0.278369890363,0.346899993849,0.374730115789,-0.0334331495174,A,H,2.45,-1.0,-1.0
594,SP1,2014-01-11,0.398992116217,0.226315745045,0.374692138738,0.398992116217,-0.0555533383284,A,D,2.2,-1.0,-1.0
595,D1,2011-11-19,0.345290230398,0.265565498699,0.389144270903,0.389144270903,0.00600250845054,H,D,2.61,-1.0,-1.0
596,F1,2013-04-06,0.132778233357,0.26006722081,0.607154545833,0.607154545833,-0.0257568465722,H,H,1.58,0.58,0.57
597,E1,2017-03-04,0.200239788103,0.236990547818,0.562769664079,0.562769664079,-0.00220208733354,H,H,1.77,0.77,0.78
598,D1,2010-11-27,0.295747746762,0.281019158957,0.423233094281,0.423233094281,-0.0292555935017,H,H,2.21,1.21,
599,F1,2013-03-16,0.294640300543,0.286799568325,0.418560131132,0.418560131132,-0.0124743516262,H,D,2.32,-1.0,-1.0
600,I1,2012-01-28,0.247211850733,0.296399633645,0.456388515623,0.456388515623,-0.0290483775814,H,D,2.06,-1.0,-1.0
601,E1,2010-03-13,0.192127240777,0.263292965132,0.544579794092,0.544579794092,-0.0172179587173,H,H,1.78,0.78,
602,SP1,2011-03-19,0.239550168108,0.279898906848,0.480550925044,0.480550925044,-0.0349129924815,H,H,1.94,0.94,
603,E1,2015-02-07,0.14452340383,0.222410374955,0.633066221215,0.633066221215,-0.0162844281352,H,H,1.54,0.54,0.58
604,E1,2014-11-29,0.19927018382,0.249415141249,0.551314674931,0.551314674931,-0.0233979687476,H,D,1.74,-1.0,-1.0
605,E1,2011-11-01,0.135187066369,0.208414866434,0.656398067197,0.656398067197,-0.0102685994694,H,H,1.5,0.5,
606,SC0,2012-02-11,0.738178352662,0.163659403813,0.098162243525,0.738178352662,-0.0251804259637,A,A,1.31,0.31,
607,SC0,2014-05-03,0.312130911089,0.283716304213,0.404152784698,0.404152784698,-0.0344437065299,H,H,2.28,1.28,1.4
608,E0,2013-05-19,0.0563004652421,0.127393432954,0.816306101804,0.816306101804,0.00329797172292,H,H,1.23,0.23,0.24
609,F1,2011-02-05,0.264368541877,0.301638308489,0.433993149634,0.433993149634,-0.0332965699918,H,H,2.14,1.14,
610,I1,2009-12-13,0.336404236047,0.289144983531,0.374450780422,0.374450780422,-0.0208061365744,H,D,2.53,-1.0,-1.0
611,F1,2014-11-29,0.193237751277,0.280621419128,0.526140829595,0.526140829595,-0.0356569232138,H,A,1.78,-1.0,-1.0
612,SC0,2010-01-30,0.271204821571,0.29408693307,0.434708245359,0.434708245359,-0.0579025920794,H,A,2.03,-1.0,-1.0
613,E1,2012-11-24,0.391476958637,0.284792206334,0.323730835029,0.391476958637,-0.0286911085899,A,H,2.38,-1.0,-1.0
614,F1,2014-04-05,0.0513887756937,0.16014036248,0.788470861827,0.788470861827,-0.00517993182406,H,H,1.26,0.26,0.28
615,D1,2012-04-01,0.344746299114,0.281469046315,0.373784654572,0.373784654572,-0.00500322421619,H,H,2.64,1.64,
616,E2,2012-01-14,0.161916195709,0.256247762074,0.581836042217,0.581836042217,-0.0551066329423,H,H,1.57,0.57,
617,SP1,2012-03-04,0.153641585089,0.252773594862,0.59358482005,0.59358482005,-0.0236991305676,H,H,1.62,0.62,
618,E2,2013-03-16,0.333835752595,0.295075595898,0.371088651507,0.371088651507,-0.0289113484925,H,A,2.5,-1.0,-1.0
619,E0,2013-04-27,0.470660474957,0.271951083675,0.257388441368,0.470660474957,-0.0219503624814,A,D,2.03,-1.0,-1.0
620,I1,2015-04-29,0.168351405595,0.241333642121,0.590314952284,0.590314952284,-0.0194411452772,H,D,1.64,-1.0,-1.0
621,SC0,2012-05-05,0.313806904972,0.293973628934,0.392219466094,0.392219466094,-0.0502584100127,H,A,2.26,-1.0,-1.0
622,E1,2017-02-02,0.342232495587,0.298343948348,0.359423556064,0.359423556064,-0.00822350275906,H,H,2.72,1.72,1.79
623,E2,2010-12-10,0.238944107016,0.28356678587,0.477489107114,0.477489107114,-0.0780664484413,H,H,1.8,0.8,
624,F1,2012-02-11,0.0941195203227,0.245447360327,0.66043311935,0.66043311935,-0.0340113250943,H,H,1.44,0.44,
625,F1,2010-12-04,0.136365036112,0.245891448663,0.617743515224,0.617743515224,-0.0232821258012,H,H,1.56,0.56,
626,I1,2014-04-25,0.209317346004,0.251189627822,0.539493026174,0.539493026174,-0.0160625293815,H,H,1.8,0.8,0.83
627,I1,2017-03-05,0.325341700113,0.272865552503,0.401792747384,0.401792747384,0.0258528977595,H,A,2.66,-1.0,-1.0
628,E0,2012-12-15,0.0772127031566,0.215836697027,0.706950599817,0.706950599817,-0.0229764074826,H,A,1.37,-1.0,-1.0
629,E1,2012-12-26,0.238768292771,0.246616912574,0.514614794655,0.514614794655,-0.000849122871167,H,H,1.94,0.94,0.96
630,I1,2011-05-08,0.232098726833,0.305771758711,0.462129514456,0.462129514456,-0.064186275018,H,A,1.9,-1.0,-1.0
631,D1,2013-12-07,0.309192862871,0.260244703236,0.430562433892,0.430562433892,-0.0411356793151,H,A,2.12,-1.0,-1.0
632,I1,2011-03-13,0.290942149679,0.299070728888,0.409987121433,0.409987121433,-0.0155447934609,H,H,2.35,1.35,
633,SP1,2011-03-07,0.271053225018,0.271427554466,0.457519220516,0.457519220516,-0.00331027257191,H,H,2.17,1.17,
634,I1,2011-04-10,0.471388680874,0.28687257837,0.241738740756,0.471388680874,-0.0521715285503,A,A,1.91,0.91,
635,SC0,2010-02-10,0.0772232365291,0.216601848962,0.706174914509,0.706174914509,-0.0457047847389,H,H,1.33,0.33,
636,E1,2010-03-20,0.23050834046,0.288296311814,0.481195347726,0.481195347726,-0.0507195458915,H,D,1.88,-1.0,-1.0
637,D1,2015-02-01,0.319340697225,0.268335578126,0.412323724649,0.412323724649,-0.00784434257747,H,H,2.38,1.38,1.42
638,I1,2012-02-05,0.354771479025,0.303821666547,0.341406854428,0.354771479025,-0.0283702834269,A,D,2.61,-1.0,-1.0
639,F1,2013-02-02,0.0978969563598,0.224335383832,0.677767659808,0.677767659808,-0.0264576923048,H,D,1.42,-1.0,-1.0
640,D1,2012-02-19,0.166979251209,0.231444707209,0.601576041582,0.601576041582,-0.00448456447893,H,H,1.65,0.65,
641,E2,2014-03-22,0.35382408937,0.30145151635,0.34472439428,0.35382408937,-0.00459884969844,A,A,2.79,1.79,1.88
642,E0,2014-12-13,0.652973425398,0.184730989493,0.16229558511,0.652973425398,-0.0227022502781,A,A,1.48,0.48,0.51
643,E2,2012-11-24,0.27668267219,0.278833668248,0.444483659562,0.444483659562,-0.0530287782487,H,H,2.01,1.01,1.09
644,E1,2015-04-18,0.322689325227,0.26701695172,0.410293723053,0.410293723053,-0.015238191841,H,D,2.35,-1.0,-1.0
645,F1,2014-11-09,0.430114908264,0.300168479244,0.269716612492,0.430114908264,-0.0307145848236,A,H,2.17,-1.0,-1.0
646,I1,2011-04-17,0.137999292574,0.258471630335,0.60352907709,0.60352907709,-0.0767430317533,H,D,1.47,-1.0,-1.0
647,F1,2017-03-04,0.29371436104,0.293083363788,0.413202275171,0.413202275171,-0.0123296397222,H,A,2.35,-1.0,-1.0
648,E2,2015-12-19,0.405430619139,0.290850277221,0.30371910364,0.405430619139,-0.0312506035684,A,A,2.29,1.29,1.43
649,I1,2015-02-01,0.545929443927,0.262875303086,0.191195252986,0.545929443927,-0.0423058501902,A,A,1.7,0.7,0.71
650,I1,2013-04-21,0.279002193646,0.298595465366,0.422402340988,0.422402340988,-0.0384271520995,H,D,2.17,-1.0,-1.0
651,D1,2014-11-29,0.292328525991,0.256571574964,0.451099899044,0.451099899044,-0.00344555550135,H,H,2.2,1.2,1.28
652,I1,2015-04-04,0.0801400776702,0.200194096933,0.719665825397,0.719665825397,-0.0102611819021,H,H,1.37,0.37,0.41
653,E0,2016-01-13,0.359740943327,0.256934991557,0.383324065116,0.383324065116,0.0299671746563,H,D,2.83,-1.0,-1.0
654,E0,2017-05-06,0.139581150583,0.220000379555,0.640418469863,0.640418469863,0.00750707745744,H,H,1.58,0.58,0.61
655,E2,2010-01-20,0.26351669432,0.278370861917,0.458112443763,0.458112443763,-0.0369370611876,H,D,2.02,-1.0,-1.0
656,I1,2012-04-25,0.386021981365,0.267695618422,0.346282400213,0.386021981365,-0.0431625679913,A,A,2.33,1.33,
657,D1,2010-02-06,0.558090961719,0.258169818479,0.183739219801,0.558090961719,-0.0554059707961,A,D,1.63,-1.0,-1.0
658,I1,2015-04-18,0.237344945074,0.308105627861,0.454549427065,0.454549427065,-0.0582710857555,H,H,1.95,0.95,0.98
659,SP1,2009-12-13,0.257941033557,0.277422258973,0.46463670747,0.46463670747,-0.0378758553445,H,D,1.99,-1.0,-1.0
660,E0,2010-04-24,0.214090006043,0.264374738905,0.521535255053,0.521535255053,-0.0279152943979,H,H,1.82,0.82,
661,E0,2011-05-01,0.089551985172,0.196598455043,0.713849559785,0.713849559785,-0.000436154501016,H,H,1.4,0.4,
662,E0,2012-02-11,0.115038689141,0.221096882285,0.663864428575,0.663864428575,-0.0210670782746,H,H,1.46,0.46,
663,F1,2016-12-17,0.204512288784,0.291158084251,0.504329626965,0.504329626965,-0.0138050880605,H,D,1.93,-1.0,-1.0
664,E1,2016-01-23,0.223723699131,0.26008266179,0.51619363908,0.51619363908,-0.012906890021,H,D,1.89,-1.0,-1.0
665,E0,2013-12-28,0.601602121904,0.232281492045,0.166116386051,0.601602121904,-0.0353405532557,A,A,1.57,0.57,0.58
666,E2,2015-05-03,0.570597041272,0.238073288318,0.191329670409,0.570597041272,-0.0544029587278,A,H,1.6,-1.0,-1.0
667,SP1,2014-11-08,0.135581789257,0.232788313623,0.63162989712,0.63162989712,-0.00939574390573,H,D,1.56,-1.0,-1.0
668,I1,2014-03-26,0.285154836337,0.304285648051,0.410559515612,0.410559515612,-0.0460614889545,H,A,2.19,-1.0,-1.0
669,I1,2014-12-06,0.208765764345,0.282613459761,0.508620775894,0.508620775894,-0.01769501358,H,D,1.9,-1.0,-1.0
670,E0,2017-01-21,0.215264943479,0.259032819297,0.525702237224,0.525702237224,-0.0177760236454,H,D,1.84,-1.0,-1.0
671,SP1,2015-04-24,0.482136363112,0.274570551819,0.243293085069,0.482136363112,-0.0306841497085,A,A,1.95,0.95,0.97
672,E2,2009-12-19,0.363320379385,0.265794204599,0.370885416016,0.370885416016,0.00592191236659,H,H,2.74,1.74,
673,E2,2015-03-07,0.409848207008,0.274676908091,0.315474884902,0.409848207008,-0.0385822862659,A,H,2.23,-1.0,-1.0
674,SC0,2015-05-02,0.360096979549,0.287165630849,0.352737389602,0.360096979549,-0.0383093949531,A,D,2.51,-1.0,-1.0
675,E0,2010-01-20,0.311194984496,0.270958411488,0.417846604016,0.417846604016,0.00117993734912,H,H,2.4,1.4,
676,E0,2017-02-25,0.233642782803,0.318737804997,0.447619412199,0.447619412199,-0.0285710639911,H,H,2.1,1.1,1.12
677,D1,2016-04-09,0.290676882691,0.258003412716,0.451319704593,0.451319704593,-0.0181638634822,H,A,2.13,-1.0,-1.0
678,E2,2016-03-01,0.292429139758,0.261289335344,0.446281524897,0.446281524897,-0.000147046531142,H,H,2.24,1.24,1.31
679,E1,2012-01-21,0.251225428503,0.266469986605,0.482304584893,0.482304584893,-0.0103062525458,H,A,2.03,-1.0,-1.0
680,I1,2012-01-15,0.221943266569,0.275297007543,0.502759725888,0.502759725888,0.00771022093725,H,H,2.02,1.02,
681,SP1,2012-04-15,0.13022518686,0.21721849217,0.652556320971,0.652556320971,-0.0185846186266,H,D,1.49,-1.0,-1.0
682,SP1,2013-04-21,0.283339189403,0.273733615042,0.442927195556,0.442927195556,-0.0265563725195,H,D,2.13,-1.0,-1.0
683,E2,2012-03-03,0.348249324376,0.29690808044,0.354842595184,0.354842595184,-0.0451574048163,H,H,2.5,1.5,
684,D1,2011-12-10,0.303830991943,0.265167509169,0.431001498888,0.431001498888,-0.00759499233975,H,A,2.28,-1.0,-1.0
685,SP1,2017-03-18,0.339365392849,0.308033114424,0.352601492727,0.352601492727,-0.0290778965863,H,H,2.62,1.62,1.65
686,E1,2009-12-05,0.312173400971,0.311660919812,0.376165679216,0.376165679216,-0.0742847712341,H,A,2.22,-1.0,-1.0
687,E2,2011-02-19,0.296298527572,0.242768068546,0.460933403881,0.460933403881,0.0298989211228,H,D,2.32,-1.0,-1.0
688,I1,2010-05-02,0.642469950024,0.212916225637,0.144613824339,0.642469950024,-0.0519744944207,A,A,1.44,0.44,
689,E0,2013-11-24,0.573575444377,0.240303934803,0.18612062082,0.573575444377,-0.0399214881382,A,D,1.63,-1.0,-1.0
690,E0,2012-11-27,0.237170776276,0.262747954299,0.500081269425,0.500081269425,-0.0101228122074,H,H,1.96,0.96,0.98
691,E1,2014-04-05,0.362148929904,0.301868811192,0.335982258904,0.362148929904,-0.0284760700956,A,H,2.56,-1.0,-1.0
692,E0,2013-05-05,0.218314181696,0.253598435227,0.528087383077,0.528087383077,0.00725404974398,H,D,1.92,-1.0,-1.0
693,E2,2013-02-19,0.311284284954,0.293615259186,0.39510045586,0.39510045586,-0.0377999770403,H,A,2.31,-1.0,-1.0
694,E2,2016-03-25,0.275058261751,0.278657801515,0.446283936735,0.446283936735,-0.0321849627866,H,H,2.09,1.09,1.14
695,E0,2010-12-06,0.145528968701,0.246560727438,0.607910303861,0.607910303861,-0.0210205137491,H,H,1.59,0.59,
696,E2,2015-04-03,0.460012792892,0.277525211945,0.262461995163,0.460012792892,-0.0374996449192,A,D,2.01,-1.0,-1.0
697,E0,2016-12-10,0.425366233552,0.284141237595,0.290492528854,0.425366233552,-0.021062337877,A,H,2.24,-1.0,-1.0
698,SP1,2015-03-15,0.00420296653371,0.00920286459699,0.986594168869,0.986594168869,0.052014729617,H,H,1.07,0.07,0.08
699,D1,2011-02-05,0.638710937777,0.207815498213,0.15347356401,0.638710937777,-0.0415611710664,A,H,1.47,-1.0,-1.0
700,F1,2012-11-04,0.438980242621,0.303591432853,0.257428324526,0.438980242621,-0.0327178705862,A,A,2.12,1.12,1.2
701,F1,2010-11-20,0.128523271819,0.263726933032,0.607749795149,0.607749795149,-0.0458449760929,H,H,1.53,0.53,
702,I1,2014-01-26,0.195677461138,0.281827486767,0.522495052096,0.522495052096,-0.0456867660861,H,H,1.76,0.76,0.78
703,E2,2013-03-29,0.34206806351,0.282625847854,0.375306088636,0.375306088636,-0.0215193081893,H,H,2.52,1.52,1.58
704,SP1,2012-12-09,0.264353602926,0.296279225448,0.439367171626,0.439367171626,-0.0484377064224,H,H,2.05,1.05,1.08
705,I1,2012-04-01,0.199901778198,0.351755847653,0.448342374149,0.448342374149,-0.00414631363339,H,H,2.21,1.21,
706,SP1,2012-04-01,0.151012267882,0.242553232671,0.606434499447,0.606434499447,-0.0185655005532,H,D,1.6,-1.0,-1.0
707,E2,2011-03-26,0.331787240331,0.274303911211,0.393908848457,0.393908848457,-0.0227578182094,H,D,2.4,-1.0,-1.0
708,F1,2017-04-15,0.321601078336,0.295992124624,0.38240679704,0.38240679704,-0.0291158367048,H,D,2.43,-1.0,-1.0
709,SP1,2012-01-29,0.326921031006,0.276916618326,0.396162350668,0.396162350668,-0.0103417143725,H,A,2.46,-1.0,-1.0
710,I1,2014-12-14,0.05934268324,0.191560318331,0.749096998429,0.749096998429,-0.0084787591466,H,D,1.32,-1.0,-1.0
711,I1,2014-03-23,0.208249748157,0.268193826673,0.523556425171,0.523556425171,-0.0228916622612,H,A,1.83,-1.0,-1.0
712,SP1,2017-03-05,0.158877727322,0.211477225504,0.629645047175,0.629645047175,0.000714229564893,H,H,1.59,0.59,0.6
713,I1,2010-04-25,0.319614906915,0.322435667122,0.357949425962,0.357949425962,-0.0675824889315,H,A,2.35,-1.0,-1.0
714,F1,2013-01-27,0.119983666698,0.232675976481,0.647340356821,0.647340356821,-0.0193263098454,H,H,1.5,0.5,0.52
715,E1,2015-04-15,0.422887695998,0.270572937593,0.30653936641,0.422887695998,-0.0275627544527,A,A,2.22,1.22,1.29
716,SP1,2012-12-08,0.219840673444,0.270854801895,0.509304524661,0.509304524661,-0.0142556847631,H,D,1.91,-1.0,-1.0
717,I1,2017-05-28,0.119061069757,0.140698650446,0.740240279798,0.740240279798,0.00494616215049,H,H,1.36,0.36,0.37
718,SP1,2015-11-21,0.430339084726,0.281346709567,0.288314205707,0.430339084726,-0.024206369819,A,H,2.2,-1.0,-1.0
719,SP1,2014-03-31,0.287053085343,0.295005381481,0.417941533176,0.417941533176,-0.0407740631542,H,A,2.18,-1.0,-1.0
720,SP1,2017-04-17,0.356037232167,0.308744762838,0.335218004995,0.356037232167,-0.0300631539336,A,H,2.59,-1.0,-1.0
721,D1,2016-05-07,0.381702982062,0.226375284746,0.391921733192,0.391921733192,0.0334987941241,H,D,2.79,-1.0,-1.0
722,E2,2017-01-02,0.375318611249,0.255143644619,0.369537744132,0.375318611249,-0.043091430592,A,D,2.39,-1.0,-1.0
723,E2,2010-03-13,0.303567404224,0.292962171503,0.403470424274,0.403470424274,-0.0531505802925,H,H,2.19,1.19,
724,D1,2016-04-29,0.336783440761,0.285063292835,0.378153266404,0.378153266404,-0.0267050331914,H,D,2.47,-1.0,-1.0
725,F1,2013-04-28,0.521742954149,0.259257271454,0.218999774398,0.521742954149,-0.0699730221829,A,A,1.69,0.69,0.74
726,E1,2014-03-22,0.469788328579,0.28128385685,0.248927814571,0.469788328579,-0.0327242342348,A,D,1.99,-1.0,-1.0
727,E2,2016-03-12,0.251020756477,0.309860036597,0.439119206926,0.439119206926,-0.0763447105997,H,H,1.94,0.94,1.03
728,I1,2011-01-23,0.358266696855,0.302942002341,0.338791300804,0.358266696855,-0.0401396776471,A,H,2.51,-1.0,-1.0
729,D1,2010-01-22,0.463664337223,0.27930016932,0.257035493457,0.463664337223,-0.0439498759751,A,A,1.97,0.97,
730,D1,2017-05-07,0.442755627018,0.268618779437,0.288625593545,0.442755627018,-0.0267279410575,A,H,2.13,-1.0,-1.0
731,E2,2011-11-19,0.194367819543,0.242976265431,0.562655915026,0.562655915026,-0.0255793790913,H,H,1.7,0.7,
732,I1,2013-11-23,0.115191661545,0.225444388864,0.659363949592,0.659363949592,-0.0255675572578,H,D,1.46,-1.0,-1.0
733,E2,2013-03-02,0.166067321911,0.246796679998,0.587135998092,0.587135998092,-0.0226200994694,H,H,1.64,0.64,0.64
734,E0,2011-03-05,0.341978300898,0.284774912161,0.373246786941,0.373246786941,-0.0143501122839,H,A,2.58,-1.0,-1.0
735,E1,2014-12-06,0.237039916798,0.275408146942,0.48755193626,0.48755193626,-0.0252685765605,H,A,1.95,-1.0,-1.0
736,E1,2017-04-14,0.393763206448,0.295576749592,0.31066004396,0.393763206448,-0.0211745528884,A,A,2.41,1.41,1.47
737,E1,2016-04-23,0.297999322144,0.282183090717,0.419817587139,0.419817587139,-0.0388980091914,H,A,2.18,-1.0,-1.0
738,E1,2010-04-24,0.169468931546,0.266022732154,0.564508336301,0.564508336301,-0.0489885962147,H,D,1.63,-1.0,-1.0
739,E0,2015-11-28,0.186477959089,0.233054120221,0.580467920691,0.580467920691,-0.0112480556407,H,H,1.69,0.69,0.69
740,SC0,2017-04-04,0.265681641507,0.281266681096,0.453051677397,0.453051677397,-0.0545625358009,H,H,1.97,0.97,1.01
741,SC0,2016-05-14,0.29442676305,0.278732163389,0.426841073561,0.426841073561,-0.0562507138787,H,H,2.07,1.07,1.14
742,E2,2009-12-12,0.520314860438,0.262673107661,0.217012031901,0.520314860438,-0.0679204336801,A,A,1.7,0.7,
743,SP1,2011-01-08,0.313148942174,0.296223981407,0.390627076419,0.390627076419,-0.0558014950099,H,D,2.24,-1.0,-1.0
744,E2,2010-04-05,0.0437316959435,0.130851463684,0.825416840373,0.825416840373,-0.0220407867461,H,H,1.18,0.18,
745,F1,2017-03-04,0.401069214206,0.28501466374,0.313916122054,0.401069214206,-0.0356120085011,A,A,2.29,1.29,1.32
746,E2,2017-01-02,0.270101349311,0.273094466999,0.456804183691,0.456804183691,-0.0310006943581,H,D,2.05,-1.0,-1.0
747,E0,2010-02-06,0.204868330896,0.27107610515,0.524055563954,0.524055563954,-0.0253949854969,H,H,1.82,0.82,
748,D1,2013-04-21,0.331903295517,0.282701806666,0.385394897816,0.385394897816,-0.0312717688503,H,H,2.4,1.4,1.45
749,F1,2011-04-02,0.272493271581,0.327274299468,0.400232428951,0.400232428951,-0.0563885756154,H,A,2.19,-1.0,-1.0
750,SP1,2012-03-31,0.0233157694949,0.0449700332661,0.931714197239,0.931714197239,0.030813296338,H,H,1.11,0.11,
751,I1,2012-03-18,0.241487683056,0.328268842315,0.430243474629,0.430243474629,-0.0161850967993,H,D,2.24,-1.0,-1.0
752,E0,2013-04-28,0.0872578319705,0.171875135004,0.740867033025,0.740867033025,-0.00540162369107,H,H,1.34,0.34,0.37
753,F1,2016-12-03,0.265380105005,0.314492710937,0.420127184058,0.420127184058,-0.0385884122723,H,A,2.18,-1.0,-1.0
754,E2,2017-02-18,0.273572954304,0.300618649295,0.425808396401,0.425808396401,-0.0549608343684,H,A,2.08,-1.0,-1.0
755,SP1,2010-03-07,0.192416654899,0.26268338281,0.544899962291,0.544899962291,-0.0331347197898,H,H,1.73,0.73,
756,E0,2009-12-15,0.297024880333,0.310368511106,0.392606608561,0.392606608561,-0.0703563544017,H,H,2.16,1.16,
757,I1,2012-05-02,0.148961639443,0.252559785629,0.598478574929,0.598478574929,-0.0425470660971,H,D,1.56,-1.0,-1.0
758,F1,2010-02-27,0.231462903489,0.317077073608,0.451460022903,0.451460022903,-0.0613604899176,H,H,1.95,0.95,
759,I1,2017-05-07,0.442034619054,0.262611486598,0.295353894347,0.442034619054,-0.0209283439086,A,A,2.16,1.16,1.2
760,F1,2014-12-13,0.192802570557,0.271770297111,0.535427132333,0.535427132333,-0.0232320855446,H,D,1.79,-1.0,-1.0
761,E1,2014-11-08,0.284510783748,0.266795722901,0.448693493351,0.448693493351,-0.0343982940891,H,H,2.07,1.07,1.08
762,E0,2009-11-22,0.287365785522,0.294192742406,0.418441472072,0.418441472072,-0.0577490041189,H,H,2.1,1.1,
763,E1,2013-01-01,0.197650046649,0.262074912985,0.540275040366,0.540275040366,-0.0215227124426,H,A,1.78,-1.0,-1.0
764,D1,2017-05-13,0.294545191523,0.269827388538,0.435627419939,0.435627419939,-0.0316622996868,H,D,2.14,-1.0,-1.0
765,F1,2011-05-21,0.247195858185,0.327920905234,0.424883236581,0.424883236581,-0.0959500967519,H,A,1.92,-1.0,-1.0
766,E0,2014-12-03,0.188244564694,0.240014922598,0.571740512708,0.571740512708,0.00676876129541,H,H,1.77,0.77,0.78
767,I1,2012-11-11,0.23455005893,0.301499689953,0.463950251117,0.463950251117,-0.0385623116973,H,H,1.99,0.99,1.01
768,D1,2017-05-13,0.634287963414,0.173597731624,0.192114304962,0.634287963414,-0.0323787032525,A,D,1.5,-1.0,-1.0
769,SC0,2013-01-22,0.0855804198357,0.16928541432,0.745134165844,0.745134165844,-0.0124415917316,H,H,1.32,0.32,0.33
770,D1,2015-03-01,0.153169745294,0.216626572191,0.630203682515,0.630203682515,-0.00270770989017,H,H,1.58,0.58,0.58
771,F1,2014-04-26,0.26621649407,0.296250169768,0.437533336162,0.437533336162,-0.050271541887,H,D,2.05,-1.0,-1.0
772,E1,2011-04-25,0.399363042425,0.234933938406,0.365703019169,0.399363042425,-0.0593525539053,A,A,2.18,1.18,
773,SC0,2015-05-15,0.693776195582,0.189932543508,0.11629126091,0.693776195582,-0.0361508117177,A,D,1.37,-1.0,-1.0
774,E2,2014-12-28,0.279612198955,0.28185649528,0.438531305765,0.438531305765,-0.0492735722837,H,A,2.05,-1.0,-1.0
775,E2,2012-03-06,0.134646417086,0.223174875587,0.642178707326,0.642178707326,-0.0289622322711,H,A,1.49,-1.0,-1.0
776,F1,2010-03-20,0.371104795483,0.298058049713,0.330837154804,0.371104795483,-0.0490632717434,A,H,2.38,-1.0,-1.0
777,SP1,2013-11-30,0.627595041655,0.231455212274,0.140949746071,0.627595041655,-0.0346566139737,A,A,1.51,0.51,0.53
778,I1,2012-05-06,0.31410924876,0.314101276065,0.371789475174,0.371789475174,-0.055560952176,H,A,2.34,-1.0,-1.0
779,SP1,2009-11-21,0.620301359941,0.227163206315,0.152535433744,0.620301359941,-0.0463653067258,A,D,1.5,-1.0,-1.0
780,I1,2010-11-13,0.277841787806,0.307093974906,0.415064237288,0.415064237288,-0.0415567672782,H,D,2.19,-1.0,-1.0
781,E1,2011-12-31,0.233996075563,0.266980021873,0.499023902565,0.499023902565,-0.0191108124614,H,H,1.93,0.93,
782,SC0,2014-02-02,0.0361518093572,0.0898574262321,0.873990764411,0.873990764411,0.0119217988935,H,H,1.16,0.16,0.15
783,E1,2010-01-26,0.322949244615,0.272597244473,0.404453510912,0.404453510912,-0.0157145563146,H,A,2.38,-1.0,-1.0
784,SP1,2012-03-19,0.177767915783,0.247472695296,0.574759388921,0.574759388921,-0.0204787063171,H,H,1.68,0.68,
785,E0,2009-11-01,0.483917512173,0.260786169173,0.255296318653,0.483917512173,-0.0625305752585,A,D,1.83,-1.0,-1.0
786,E1,2016-02-02,0.296872358579,0.308817366453,0.394310274968,0.394310274968,-0.0561401754827,H,H,2.22,1.22,1.29
787,E2,2015-03-07,0.299538113998,0.28044215305,0.420019732952,0.420019732952,-0.0244247114925,H,A,2.25,-1.0,-1.0
788,F1,2012-02-22,0.514269084435,0.282248463421,0.203482452144,0.514269084435,-0.0571594869938,A,A,1.75,0.75,
789,SC0,2017-04-02,0.653949211129,0.199709328166,0.146341460705,0.653949211129,-0.0309822957203,A,A,1.46,0.46,0.51
790,F1,2017-05-14,0.392732596466,0.269677694365,0.337589709169,0.392732596466,-0.0346178308847,A,H,2.34,-1.0,-1.0
791,E0,2015-05-03,0.4662378859,0.254818234895,0.278943879206,0.4662378859,-0.0263729515386,A,A,2.03,1.03,1.07
792,SP1,2016-04-17,0.024484467439,0.168351348619,0.807164183942,0.807164183942,-0.00584394613938,H,H,1.23,0.23,0.24
793,SP1,2010-04-24,0.107892697256,0.219942915819,0.672164386926,0.672164386926,-0.0370554712305,H,H,1.41,0.41,
794,E1,2010-01-16,0.404009683406,0.290625078086,0.305365238508,0.404009683406,-0.0424188880227,A,D,2.24,-1.0,-1.0
795,D1,2014-04-12,0.260860362812,0.262879561688,0.4762600755,0.4762600755,-0.0115448025489,H,H,2.05,1.05,1.08
796,I1,2011-05-01,0.223487814847,0.295622196267,0.480889988886,0.480889988886,-0.0625882719839,H,D,1.84,-1.0,-1.0
797,D1,2014-02-08,0.709544487587,0.161790888447,0.128664623965,0.709544487587,-0.0150931935721,A,A,1.38,0.38,0.4
798,E2,2010-03-13,0.327255165828,0.237007693929,0.435737140244,0.435737140244,0.0275738749375,H,H,2.45,1.45,
799,E0,2011-02-26,0.217796659219,0.246347740771,0.53585560001,0.53585560001,-0.0105924874215,H,H,1.83,0.83,
800,F1,2014-03-01,0.319959854084,0.304330779491,0.375709366426,0.375709366426,-0.0195475505701,H,A,2.53,-1.0,-1.0
801,D1,2010-12-18,0.347881686468,0.287649241177,0.364469072355,0.364469072355,-0.0339373021467,H,A,2.51,-1.0,-1.0
802,D1,2014-11-22,0.471790038159,0.257721727088,0.270488234752,0.471790038159,-0.0384140434732,A,A,1.96,0.96,0.95
803,I1,2010-05-16,0.584400131682,0.252817933929,0.162781934389,0.584400131682,-0.0822665349845,A,A,1.5,0.5,
804,SP1,2012-04-15,0.134928208081,0.226728053229,0.63834373869,0.63834373869,-0.0239079169392,H,D,1.51,-1.0,-1.0
805,SP1,2016-12-17,0.433217621487,0.28731508953,0.279467288983,0.433217621487,-0.0254979748429,A,A,2.18,1.18,1.23
806,E2,2012-03-24,0.195723303944,0.264075323182,0.540201372873,0.540201372873,-0.034511270805,H,H,1.74,0.74,
807,E2,2013-02-02,0.271941161302,0.249557247533,0.478501591164,0.478501591164,0.00680347795683,H,H,2.12,1.12,1.16
808,I1,2012-02-18,0.0678742819504,0.193020486586,0.739105231464,0.739105231464,-0.0184705261121,H,H,1.32,0.32,
809,E2,2011-04-02,0.302283094084,0.302127160755,0.395589745161,0.395589745161,-0.0695265339083,H,H,2.15,1.15,
810,E1,2014-03-12,0.414379151392,0.303972267884,0.281648580724,0.414379151392,-0.0340513418815,A,D,2.23,-1.0,-1.0
811,E2,2015-11-14,0.290323687996,0.299929675212,0.409746636792,0.409746636792,-0.0780582412568,H,A,2.05,-1.0,-1.0
812,F1,2011-12-21,0.267214347394,0.298807481487,0.433978171119,0.433978171119,-0.0355053969561,H,H,2.13,1.13,
813,SP1,2017-04-30,0.266741017115,0.290218154257,0.443040828628,0.443040828628,-0.01778866446,H,A,2.17,-1.0,-1.0
814,I1,2009-11-08,0.312595423319,0.304348218866,0.383056357815,0.383056357815,-0.0301667826805,H,A,2.42,-1.0,-1.0
815,SP1,2013-03-30,0.207922434497,0.252221606464,0.539855959039,0.539855959039,0.00509660075021,H,A,1.87,-1.0,-1.0
816,F1,2013-11-09,0.394338569659,0.317252121786,0.288409308556,0.394338569659,-0.0348459796976,A,D,2.33,-1.0,-1.0
817,F1,2016-04-24,0.334531885066,0.276563233838,0.388904881096,0.388904881096,0.00428949648107,H,D,2.6,-1.0,-1.0
818,E2,2013-04-20,0.268627085128,0.262138966033,0.469233948839,0.469233948839,-0.01153528193,H,H,2.08,1.08,1.12
819,SP1,2014-02-22,0.334505613739,0.289589193322,0.37590519294,0.37590519294,-0.0131998654262,H,D,2.57,-1.0,-1.0
820,E1,2016-02-06,0.386740146911,0.281334499921,0.331925353168,0.386740146911,-0.0387917679824,A,A,2.35,1.35,1.44
821,E2,2012-03-31,0.364960208884,0.292309673919,0.342730117197,0.364960208884,-0.0302967081122,A,A,2.53,1.53,
822,E1,2015-02-21,0.138449221375,0.222283436443,0.639267342182,0.639267342182,-0.0100833071684,H,A,1.54,-1.0,-1.0
823,E1,2011-02-26,0.227103663296,0.273893016737,0.499003319967,0.499003319967,-0.0357560383218,H,H,1.87,0.87,
824,SP1,2017-02-05,0.175862785744,0.231390591286,0.59274662297,0.59274662297,-0.013313983091,H,D,1.65,-1.0,-1.0
825,SP1,2015-02-22,0.372272747337,0.274304492025,0.353422760638,0.372272747337,-0.035890517969,A,H,2.45,-1.0,-1.0
826,E0,2014-12-06,0.235456911615,0.257783009075,0.506760079309,0.506760079309,0.0165640008779,H,H,2.04,1.04,1.08
827,E0,2009-11-08,0.295964478367,0.282641680122,0.421393841511,0.421393841511,-0.0191347928507,H,D,2.27,-1.0,-1.0
828,E2,2011-01-15,0.258138953115,0.306736570512,0.435124476372,0.435124476372,-0.0724897368258,H,D,1.97,-1.0,-1.0
829,SC0,2012-02-07,0.431451778893,0.278223726607,0.2903244945,0.431451778893,-0.0336645001771,A,D,2.15,-1.0,-1.0
830,F1,2017-04-29,0.0524995744388,0.133538739665,0.813961685896,0.813961685896,0.00751007299297,H,H,1.24,0.24,0.27
831,E0,2016-01-13,0.154766236163,0.170680183529,0.674553580308,0.674553580308,0.00788691364084,H,D,1.5,-1.0,-1.0
832,D1,2012-03-17,0.0841157341666,0.188774728191,0.727109537642,0.727109537642,-0.0136312030988,H,H,1.35,0.35,
833,E1,2013-01-19,0.373524879356,0.292857121662,0.333617998982,0.373524879356,-0.0264751206442,A,D,2.5,-1.0,-1.0
834,F1,2015-11-07,0.265334220077,0.314424920479,0.420240859444,0.420240859444,-0.0322478283392,H,H,2.21,1.21,1.27
835,F1,2012-02-26,0.344093888853,0.303867265822,0.352038845324,0.352038845324,-0.0224929898815,H,D,2.67,-1.0,-1.0
836,E0,2016-11-19,0.344300760516,0.327672566623,0.328026672861,0.344300760516,0.00183500709128,A,D,2.92,-1.0,-1.0
837,E2,2017-02-28,0.186381585049,0.24274494886,0.570873466091,0.570873466091,-0.010521882746,H,H,1.72,0.72,0.73
838,E2,2017-02-25,0.37674209269,0.28114839985,0.34210950746,0.37674209269,-0.0200833041359,A,H,2.52,-1.0,-1.0
839,E0,2011-02-12,0.19279048446,0.233598621317,0.573610894224,0.573610894224,0.00863914281121,H,H,1.77,0.77,
840,I1,2010-11-07,0.208488201748,0.29499321078,0.496518587472,0.496518587472,-0.0499294999597,H,D,1.83,-1.0,-1.0
841,E2,2013-04-16,0.127141699812,0.245358887906,0.627499412282,0.627499412282,-0.0436415273154,H,H,1.49,0.49,0.51
842,E0,2016-01-16,0.435256476084,0.289325577903,0.275417946013,0.435256476084,-0.0277064868786,A,D,2.16,-1.0,-1.0
843,SP1,2017-02-19,0.00403902962338,0.0193184368978,0.976642533479,0.976642533479,0.0507166075528,H,H,1.08,0.08,0.08
844,E1,2017-02-14,0.119023241906,0.235446905943,0.645529852151,0.645529852151,-0.00806491909083,H,D,1.53,-1.0,-1.0
845,D1,2017-02-18,0.247550521343,0.303763612111,0.448685866546,0.448685866546,-0.0230122466613,H,A,2.12,-1.0,-1.0
846,D1,2011-02-13,0.336890810177,0.299300994381,0.363808195442,0.363808195442,-0.0563598717849,H,H,2.38,1.38,
847,E1,2016-11-26,0.262414865701,0.263211975508,0.474373158791,0.474373158791,-0.00409574073024,H,H,2.09,1.09,1.11
848,SC0,2014-12-13,0.275799893484,0.246549740087,0.477650366429,0.477650366429,0.0081667983535,H,H,2.13,1.13,1.14
849,E1,2014-04-26,0.440030022067,0.283581213588,0.276388764345,0.440030022067,-0.040739208702,A,A,2.08,1.08,1.12
850,E1,2012-03-10,0.402260069837,0.280709967004,0.317029963159,0.402260069837,-0.0441685015915,A,A,2.24,1.24,
851,I1,2012-04-28,0.338175363711,0.26116291339,0.4006617229,0.4006617229,0.0233032323335,H,D,2.65,-1.0,-1.0
852,F1,2016-03-05,0.19482932392,0.277994995477,0.527175680603,0.527175680603,-0.0192724068285,H,H,1.83,0.83,0.85
853,I1,2015-05-03,0.103180196262,0.20400584241,0.692813961328,0.692813961328,-0.011411390785,H,D,1.42,-1.0,-1.0
854,E1,2012-02-04,0.209755914223,0.252735670392,0.537508415385,0.537508415385,-0.00893967204689,H,A,1.83,-1.0,-1.0
855,E2,2009-12-05,0.201186154529,0.273253321557,0.525560523914,0.525560523914,-0.0661554524172,H,D,1.69,-1.0,-1.0
856,I1,2013-02-03,0.578412953942,0.263815701254,0.157771344804,0.578412953942,-0.046587046058,A,A,1.6,0.6,0.64
857,D1,2014-12-07,0.264304289192,0.240133812551,0.495561898257,0.495561898257,-0.00695066455675,H,H,1.99,0.99,1.01
858,E0,2014-01-01,0.456084526777,0.287620982328,0.256294490895,0.456084526777,-0.0341115516546,A,D,2.04,-1.0,-1.0
859,I1,2013-11-09,0.0785525688607,0.154258960488,0.767188470651,0.767188470651,-0.00204229857953,H,H,1.3,0.3,0.33
860,F1,2015-12-12,0.19094174137,0.290155178787,0.518903079843,0.518903079843,-0.0366524757126,H,H,1.8,0.8,0.81
861,SC0,2015-01-01,0.472627067612,0.265970256684,0.261402675704,0.472627067612,-0.0428368499142,A,A,1.94,0.94,0.99
862,E0,2013-12-14,0.192043271133,0.233898752722,0.574057976145,0.574057976145,0.0153987582676,H,H,1.79,0.79,0.83
863,F1,2014-03-08,0.21407734459,0.299111289246,0.486811366163,0.486811366163,-0.0451035274536,H,H,1.88,0.88,0.92
864,E1,2016-12-02,0.523725339022,0.250091146325,0.226183514653,0.523725339022,-0.0318302165332,A,H,1.8,-1.0,-1.0
865,E2,2016-02-27,0.319229135253,0.309437765651,0.371333099096,0.371333099096,-0.0523957144629,H,D,2.36,-1.0,-1.0
866,I1,2017-04-30,0.312464103527,0.285256688997,0.402279207476,0.402279207476,-0.0161308343645,H,H,2.39,1.39,1.49
867,E2,2012-03-27,0.179586504556,0.241861302134,0.578552193311,0.578552193311,-0.0166859019274,H,A,1.68,-1.0,-1.0
868,E1,2011-11-06,0.305287750199,0.300637154052,0.394075095749,0.394075095749,-0.0543553975247,H,H,2.23,1.23,
869,E2,2014-03-15,0.294044474281,0.262199887031,0.443755638689,0.443755638689,0.0108552057881,H,H,2.31,1.31,1.4
870,E2,2015-02-10,0.31427911185,0.301367035247,0.384353852904,0.384353852904,-0.0523273698038,H,H,2.29,1.29,1.33
871,E1,2016-05-07,0.326482583925,0.294712213285,0.37880520279,0.37880520279,-0.0449236107692,H,H,2.36,1.36,1.31
872,E0,2015-12-26,0.458720567692,0.279580530645,0.261698901662,0.458720567692,-0.0152130815968,A,H,2.11,-1.0,-1.0
873,F1,2017-01-18,0.24382018445,0.278892905547,0.477286910003,0.477286910003,-0.0202255278078,H,H,2.01,1.01,1.05
874,E1,2014-12-26,0.269377122897,0.264474132578,0.466148744525,0.466148744525,-0.00778490476453,H,D,2.11,-1.0,-1.0
875,D1,2016-02-13,0.301956588194,0.278899410431,0.419144001375,0.419144001375,-0.0416854917127,H,D,2.17,-1.0,-1.0
876,E0,2014-11-29,0.178663208735,0.244344301331,0.576992489934,0.576992489934,-0.0147234863972,H,H,1.69,0.69,0.74
877,E1,2016-04-02,0.310605826518,0.290500894068,0.398893279413,0.398893279413,-0.0248355341462,H,H,2.36,1.36,1.45
878,F1,2010-02-13,0.29940881016,0.318266137078,0.382325052762,0.382325052762,-0.0468594965941,H,D,2.33,-1.0,-1.0
879,E2,2013-12-14,0.282312807445,0.279236490314,0.438450702241,0.438450702241,-0.0377397739495,H,H,2.1,1.1,1.15
880,D1,2012-11-03,0.301374975772,0.280929791698,0.41769523253,0.41769523253,-0.0368502220158,H,D,2.2,-1.0,-1.0
881,E2,2011-03-08,0.35377771962,0.300881841387,0.345340438994,0.35377771962,-0.0165926507505,A,H,2.7,-1.0,-1.0
882,E1,2014-05-03,0.284832425217,0.307025403684,0.4081421711,0.4081421711,-0.0820539073318,H,D,2.04,-1.0,-1.0
883,E2,2012-01-07,0.258644401802,0.29243699805,0.448918600148,0.448918600148,-0.0612854814848,H,H,1.96,0.96,
884,E1,2013-12-14,0.293279884949,0.259322096496,0.447398018555,0.447398018555,0.0163635357963,H,A,2.32,-1.0,-1.0
885,E0,2014-03-31,0.286909733749,0.300807270898,0.412282995352,0.412282995352,-0.0341455760762,H,A,2.24,-1.0,-1.0
886,SP1,2010-04-10,0.122314711888,0.23665676585,0.641028522262,0.641028522262,-0.0256381444049,H,H,1.5,0.5,
887,D1,2012-12-08,0.395658545638,0.286888246983,0.317453207379,0.395658545638,-0.0245095215886,A,H,2.38,-1.0,-1.0
888,F1,2016-05-07,0.21594993905,0.245571945671,0.53847811528,0.53847811528,-0.0264936361327,H,H,1.77,0.77,0.77
889,E2,2013-04-13,0.328852027022,0.292795871676,0.378352101301,0.378352101301,-0.0281519637396,H,H,2.46,1.46,1.63
890,E2,2015-04-03,0.311990572116,0.294630335304,0.39337909258,0.39337909258,-0.0376553901787,H,A,2.32,-1.0,-1.0
891,E0,2012-04-21,0.285120181709,0.284339259719,0.430540558571,0.430540558571,-0.0525512288683,H,H,2.07,1.07,
892,E2,2015-01-24,0.414982023679,0.27654455863,0.30847341769,0.414982023679,-0.0416389808867,A,A,2.19,1.19,1.23
893,SC0,2016-04-09,0.313662425854,0.283398437092,0.402939137054,0.402939137054,-0.0516063174916,H,H,2.2,1.2,1.26
894,SP1,2011-04-16,0.245449461599,0.280602327795,0.473948210606,0.473948210606,-0.0336660025922,H,H,1.97,0.97,
895,E1,2012-03-17,0.480995157206,0.277898872877,0.241105969918,0.480995157206,-0.0453206322681,A,A,1.9,0.9,
896,SC0,2014-12-27,0.382138654581,0.272122093405,0.345739252015,0.382138654581,-0.0380294126463,A,H,2.38,-1.0,-1.0
897,E1,2017-03-04,0.34544226612,0.305848444324,0.348709289555,0.348709289555,-0.0315188473269,H,H,2.63,1.63,1.71
898,I1,2016-12-10,0.343726067288,0.288386154236,0.367887778476,0.367887778476,-0.0227372215238,H,H,2.56,1.56,1.69
899,E2,2014-04-26,0.445249429305,0.284270613734,0.27047995696,0.445249429305,-0.0425554487434,A,H,2.05,-1.0,-1.0
900,E1,2017-04-01,0.0741521795555,0.204976138341,0.720871682103,0.720871682103,-0.00905532519614,H,H,1.37,0.37,0.39
901,F1,2016-02-07,0.275683696391,0.3033656345,0.42095066911,0.42095066911,-0.0254779023187,H,A,2.24,-1.0,-1.0
902,E1,2014-04-21,0.324422922944,0.29736112215,0.378215954906,0.378215954906,-0.0384507117606,H,H,2.4,1.4,1.48
903,E0,2017-01-21,0.597526848004,0.234992713344,0.167480438652,0.597526848004,-0.0197571026132,A,D,1.62,-1.0,-1.0
904,E2,2013-03-12,0.461718265617,0.273513106477,0.264768627906,0.461718265617,-0.0433322394334,A,A,1.98,0.98,0.97
905,E2,2012-04-28,0.295015128373,0.275206401964,0.429778469662,0.429778469662,-0.0419196435454,H,D,2.12,-1.0,-1.0
906,E2,2016-04-09,0.218167578808,0.262499694583,0.519332726608,0.519332726608,-0.0271153608232,H,A,1.83,-1.0,-1.0
907,F1,2012-11-18,0.300506578555,0.320329562617,0.379163858828,0.379163858828,-0.0594326323997,H,H,2.28,1.28,1.33
908,SP1,2011-05-08,0.261233351701,0.271048176489,0.46771847181,0.46771847181,-0.00621517747922,H,A,2.11,-1.0,-1.0
909,E0,2009-12-26,0.368954275917,0.27775519573,0.353290528354,0.368954275917,-0.0375497891241,A,D,2.46,-1.0,-1.0
910,F1,2015-05-16,0.404141913863,0.272466611826,0.323391474311,0.404141913863,-0.0344545773653,A,A,2.28,1.28,1.29
911,I1,2015-02-15,0.397560448736,0.292507418826,0.309932132438,0.397560448736,-0.0261683648237,A,A,2.36,1.36,1.4
912,F1,2016-03-11,0.15586249827,0.236424951157,0.607712550573,0.607712550573,-0.00578438194229,H,D,1.63,-1.0,-1.0
913,F1,2013-12-21,0.350721260257,0.280927004139,0.368351735604,0.368351735604,0.0223309743579,H,H,2.89,1.89,2.03
914,SC0,2016-01-16,0.209923303188,0.246006280859,0.544070415953,0.544070415953,-0.0209013354591,H,H,1.77,0.77,0.85
915,E2,2015-01-27,0.491803935311,0.26521531818,0.242980746508,0.491803935311,-0.0401109583057,A,D,1.88,-1.0,-1.0
916,I1,2011-02-06,0.458249554445,0.300153466742,0.241596978813,0.458249554445,-0.0367999505054,A,D,2.02,-1.0,-1.0
917,I1,2014-01-12,0.0756739586738,0.213405740462,0.710920300864,0.710920300864,-0.0190067064355,H,H,1.37,0.37,0.37
918,SP1,2015-04-25,0.367383232046,0.282801652012,0.349815115942,0.367383232046,-0.0374750675494,A,D,2.47,-1.0,-1.0
919,F1,2017-02-18,0.219328397469,0.30737169567,0.473299906861,0.473299906861,-0.0145049711877,H,H,2.05,1.05,1.12
920,I1,2013-04-07,0.314859454866,0.290842498664,0.39429804647,0.39429804647,-0.0155380191039,H,D,2.44,-1.0,-1.0
921,SP1,2017-04-15,0.0436046116469,0.100998602938,0.855396785415,0.855396785415,0.028950504423,H,H,1.21,0.21,0.22
922,E0,2012-11-25,0.161274353506,0.241529237536,0.597196408958,0.597196408958,-0.00886419710239,H,H,1.65,0.65,0.67
923,SP1,2010-12-18,0.251024713142,0.291148062067,0.45782722479,0.45782722479,-0.0396852130205,H,D,2.01,-1.0,-1.0
924,E1,2013-04-20,0.269309156055,0.285146692005,0.44554415194,0.44554415194,-0.0470666854988,H,H,2.03,1.03,1.03
925,E0,2009-12-16,0.0157907039442,0.115469741373,0.868739554683,0.868739554683,0.00667058916597,H,H,1.16,0.16,
926,E1,2013-11-02,0.249964341181,0.306669256009,0.44336640281,0.44336640281,-0.0720975147159,H,H,1.94,0.94,1.02
927,SC0,2009-12-06,0.385532377483,0.281932789648,0.332534832868,0.385532377483,-0.047368055417,A,H,2.31,-1.0,-1.0
928,E1,2016-04-16,0.211069370078,0.271309403712,0.517621226209,0.517621226209,-0.0229193143313,H,D,1.85,-1.0,-1.0
929,E0,2016-02-06,0.340297968707,0.274871845419,0.384830185873,0.384830185873,0.000214801257998,H,A,2.6,-1.0,-1.0
930,E2,2015-02-07,0.265817766437,0.295917180361,0.438265053202,0.438265053202,-0.0312185148735,H,A,2.13,-1.0,-1.0
931,E2,2010-04-17,0.294715725121,0.282160496569,0.42312377831,0.42312377831,-0.0508098709788,H,H,2.11,1.11,
932,SC0,2010-01-27,0.185110601485,0.271622148365,0.54326725015,0.54326725015,-0.0591423884043,H,D,1.66,-1.0,-1.0
933,E2,2016-02-27,0.246105681077,0.281319794951,0.472574523973,0.472574523973,-0.0537412655011,H,A,1.9,-1.0,-1.0
934,E0,2013-04-27,0.271786352726,0.295558660742,0.432654986532,0.432654986532,-0.0239660180337,H,H,2.19,1.19,1.3
935,E1,2015-02-07,0.0778163283662,0.202700874928,0.719482796705,0.719482796705,-0.0212579440353,H,H,1.35,0.35,0.36
936,E2,2010-02-09,0.255102852724,0.278597926944,0.466299220331,0.466299220331,-0.036213342483,H,A,1.99,-1.0,-1.0
937,E0,2015-04-28,0.474798178821,0.282723831471,0.242477989709,0.474798178821,-0.0277143839935,A,H,1.99,-1.0,-1.0
938,SC0,2015-11-07,0.211457199822,0.258189348677,0.530353451502,0.530353451502,-0.057881842616,H,H,1.7,0.7,0.77
939,SC0,2017-05-13,0.218419577156,0.245741803152,0.535838619692,0.535838619692,-0.00179578891021,H,H,1.86,0.86,0.88
940,E2,2012-11-20,0.295108865908,0.273132596248,0.431758537844,0.431758537844,-0.0126859066001,H,A,2.25,-1.0,-1.0
941,SP1,2010-04-24,0.752662047748,0.146797161029,0.100540791223,0.752662047748,-0.016568721483,A,A,1.3,0.3,
942,SC0,2014-12-20,0.109516272914,0.219012300211,0.671471426875,0.671471426875,-0.0327539252381,H,H,1.42,0.42,0.45
943,F1,2009-12-16,0.129778437668,0.269909415444,0.600312146888,0.600312146888,-0.0407134941377,H,D,1.56,-1.0,-1.0
944,E1,2016-11-05,0.16698812596,0.273566692453,0.559445181587,0.559445181587,-0.0219501672504,H,A,1.72,-1.0,-1.0
945,I1,2013-02-16,0.446431213795,0.289752532043,0.263816254162,0.446431213795,-0.0297592623955,A,H,2.1,-1.0,-1.0
946,D1,2014-03-15,0.341732871095,0.26929424837,0.388972880535,0.388972880535,-0.0225497532103,H,D,2.43,-1.0,-1.0
947,SP1,2014-11-29,0.352038069146,0.306881324808,0.341080606046,0.352038069146,-0.0281900677364,A,A,2.63,1.63,1.74
948,E1,2013-04-16,0.367796576209,0.291227505854,0.340975917937,0.367796576209,-0.0354292302429,A,H,2.48,-1.0,-1.0
949,E2,2010-03-02,0.274845949471,0.264113587119,0.46104046341,0.46104046341,-0.0128931858791,H,H,2.11,1.11,
950,F1,2013-03-17,0.296675500572,0.328904646519,0.374419852909,0.374419852909,-0.0457482143176,H,D,2.38,-1.0,-1.0
951,SP1,2015-04-30,0.330791855287,0.305916173919,0.363291970794,0.363291970794,-0.0273330292057,H,A,2.56,-1.0,-1.0
952,E2,2016-03-19,0.323003622139,0.295073839445,0.381922538417,0.381922538417,-0.0418062751427,H,D,2.36,-1.0,-1.0
953,E1,2010-04-05,0.298228205427,0.27459362154,0.427178173033,0.427178173033,-0.0114183181948,H,A,2.28,-1.0,-1.0
954,I1,2013-05-19,0.863512440109,0.0963565568039,0.0401310030874,0.863512440109,0.0160548129901,A,A,1.18,0.18,0.19
955,E2,2011-03-08,0.346729502261,0.291192147431,0.362078350307,0.362078350307,-0.0395280753954,H,A,2.49,-1.0,-1.0
956,E2,2013-12-29,0.42939624417,0.283736384081,0.286867371749,0.42939624417,-0.0357200348998,A,D,2.15,-1.0,-1.0
957,E1,2011-11-05,0.27622487167,0.27044498502,0.45333014331,0.45333014331,-0.0297616441293,H,H,2.07,1.07,
958,SC0,2015-02-28,0.570428504052,0.234933218046,0.194638277902,0.570428504052,-0.0393275935087,A,H,1.64,-1.0,-1.0
959,I1,2016-05-08,0.241697049823,0.245793087861,0.512509862316,0.512509862316,-0.0029540552098,H,D,1.94,-1.0,-1.0
960,I1,2013-04-08,0.244802882799,0.261104552589,0.494092564612,0.494092564612,-0.021371352914,H,D,1.94,-1.0,-1.0
961,E2,2011-12-17,0.15571240135,0.22209031048,0.62219728817,0.62219728817,-0.00673352944004,H,D,1.59,-1.0,-1.0
962,E0,2013-01-19,0.277631414948,0.289890741541,0.432477843512,0.432477843512,-0.0414558057776,H,A,2.11,-1.0,-1.0
963,D1,2015-05-16,0.352986762125,0.23687808031,0.410135157565,0.410135157565,0.02253825834,H,H,2.58,1.58,1.68
964,E0,2016-12-03,0.263968758248,0.288523375059,0.447507866692,0.447507866692,-0.0154550962705,H,H,2.16,1.16,1.16
965,I1,2017-04-02,0.615583537875,0.193782312798,0.190634149326,0.615583537875,-0.0380112333664,A,D,1.53,-1.0,-1.0
966,D1,2014-04-11,0.171133207721,0.218427853738,0.61043893854,0.61043893854,0.00802929998623,H,H,1.66,0.66,0.66
967,F1,2013-12-04,0.316657136281,0.293968331524,0.389374532195,0.389374532195,-0.00588238480089,H,A,2.53,-1.0,-1.0
968,F1,2016-01-16,0.302851477156,0.322781934654,0.37436658819,0.37436658819,-0.0440434536507,H,H,2.39,1.39,1.48
969,SP1,2015-02-28,0.286702132721,0.308973519563,0.404324347716,0.404324347716,-0.0421042237129,H,D,2.24,-1.0,-1.0
970,SC0,2017-01-29,0.0860267327806,0.133238163148,0.780735104072,0.780735104072,-0.000514895928272,H,H,1.28,0.28,0.32
971,D1,2017-02-18,0.120614395885,0.182265398209,0.697120205906,0.697120205906,0.00267576146157,H,H,1.44,0.44,0.47
972,I1,2011-03-20,0.10281838577,0.223164690276,0.674016923954,0.674016923954,-0.0204275204903,H,H,1.44,0.44,
973,I1,2012-05-02,0.0324518590642,0.120464592774,0.847083548161,0.847083548161,-0.000374078957294,H,D,1.18,-1.0,-1.0
974,F1,2015-12-02,0.22189106782,0.280501311478,0.497607620702,0.497607620702,-0.0232257126309,H,A,1.92,-1.0,-1.0
975,I1,2014-01-12,0.359435554594,0.28380555735,0.356758888056,0.359435554594,-0.0405644454055,A,D,2.5,-1.0,-1.0
976,F1,2016-11-20,0.308641497771,0.291880150033,0.399478352195,0.399478352195,-0.00702571284544,H,D,2.46,-1.0,-1.0
977,E2,2010-11-20,0.339957076554,0.264486827906,0.395556095539,0.395556095539,0.00339923279439,H,A,2.55,-1.0,-1.0
978,SP1,2010-03-29,0.219615477552,0.262023042148,0.5183614803,0.5183614803,-0.00795430917349,H,H,1.9,0.9,
979,E1,2011-12-17,0.215668555115,0.245713124373,0.538618320512,0.538618320512,-0.0360943231663,H,H,1.74,0.74,
980,SC0,2013-05-11,0.35774424354,0.281801522275,0.360454234185,0.360454234185,-0.00318212945098,H,A,2.75,-1.0,-1.0
981,SP1,2014-11-01,0.83684049849,0.0945683436189,0.0685911578912,0.83684049849,0.0238323684086,A,A,1.23,0.23,0.24
982,I1,2009-11-01,0.097457083798,0.236927779627,0.665615136575,0.665615136575,-0.0288293078698,H,H,1.44,0.44,
983,E1,2010-02-16,0.422354467411,0.304547390076,0.273098142513,0.422354467411,-0.0471291006644,A,D,2.13,-1.0,-1.0
984,I1,2011-04-23,0.286604695113,0.368777950656,0.34461735423,0.368777950656,-0.00159241971424,D,A,2.7,-1.0,-1.0
985,SP1,2015-04-09,0.127895351015,0.237811499233,0.634293149752,0.634293149752,-0.0108681405706,H,A,1.55,-1.0,-1.0
986,E0,2014-02-01,0.292142052955,0.283902775267,0.423955171779,0.423955171779,-0.0224733996499,H,H,2.24,1.24,1.27
987,F1,2014-01-24,0.136370250551,0.253694161148,0.609935588301,0.609935588301,-0.0150644116992,H,D,1.6,-1.0,-1.0
988,E2,2017-01-28,0.284203994194,0.268070950132,0.447725055674,0.447725055674,-0.0239730575334,H,D,2.12,-1.0,-1.0
989,E2,2010-03-06,0.255787449146,0.26579130442,0.478421246434,0.478421246434,-0.029192966764,H,H,1.97,0.97,
990,E2,2017-01-28,0.190395518938,0.221695462462,0.5879090186,0.5879090186,0.00987433651953,H,H,1.73,0.73,0.76
991,SC0,2010-12-14,0.362900756883,0.280608043661,0.356491199456,0.362900756883,-0.0370992431165,A,A,2.5,1.5,
992,E0,2017-04-22,0.426195286339,0.245172576445,0.328632137216,0.426195286339,-0.0242551641117,A,D,2.22,-1.0,-1.0
993,E0,2013-02-23,0.0742630219193,0.164004457666,0.761732520415,0.761732520415,-0.00162625821094,H,H,1.31,0.31,0.31
994,E2,2011-11-29,0.340626383434,0.266069853332,0.393303763233,0.393303763233,-0.0251062786075,H,A,2.39,-1.0,-1.0
995,SP1,2016-02-12,0.326235800172,0.258695827125,0.415068372703,0.415068372703,0.00690510739712,H,D,2.45,-1.0,-1.0
996,SP1,2010-04-11,0.313684941817,0.25916470415,0.427150354033,0.427150354033,0.0239245475815,H,H,2.48,1.48,
997,I1,2016-05-15,0.360390046065,0.28520442815,0.354405525785,0.360390046065,-0.011357165831,A,H,2.69,-1.0,-1.0
998,E1,2013-03-30,0.415371618378,0.263116595908,0.321511785714,0.415371618378,-0.0371170694048,A,A,2.21,1.21,1.18
999,E1,2011-01-01,0.348800395214,0.276590453591,0.374609151195,0.374609151195,-0.00561898568728,H,H,2.63,1.63,
1000,E2,2015-03-17,0.283689847234,0.275515392186,0.44079476058,0.44079476058,-0.0399744701894,H,D,2.08,-1.0,-1.0
1001,I1,2017-05-07,0.20072321764,0.262549317522,0.536727464838,0.536727464838,-0.0480678567994,H,H,1.71,0.71,0.74
1002,E0,2014-04-26,0.354720331536,0.262061233265,0.383218435199,0.383218435199,0.0208995946193,H,H,2.76,1.76,1.74
1003,E1,2014-02-02,0.10192621973,0.20289209436,0.69518168591,0.69518168591,-0.0140381722457,H,H,1.41,0.41,0.43
1004,F1,2013-05-26,0.136751263657,0.24324172269,0.620007013653,0.620007013653,-0.0210186273729,H,D,1.56,-1.0,-1.0
1005,F1,2011-11-27,0.15300171247,0.273189495214,0.573808792316,0.573808792316,-0.0396881401993,H,H,1.63,0.63,
1006,E1,2017-04-22,0.196540016549,0.215866013405,0.587593970046,0.587593970046,-0.00412200628523,H,H,1.69,0.69,0.71
1007,D1,2013-04-20,0.406146697223,0.272921666436,0.320931636341,0.406146697223,-0.0286359114725,A,H,2.3,-1.0,-1.0
1008,E2,2014-04-26,0.221535162255,0.272466359357,0.505998478388,0.505998478388,-0.0434520710628,H,H,1.82,0.82,0.81
1009,I1,2017-03-04,0.155807852907,0.228986264442,0.615205882651,0.615205882651,-0.00591212977164,H,H,1.61,0.61,0.63
1010,E0,2016-12-17,0.329854655258,0.295181052055,0.374964292687,0.374964292687,-0.00965109192823,H,H,2.6,1.6,1.67
1011,E0,2011-04-17,0.18344789133,0.264901365303,0.551650743366,0.551650743366,-0.0297446054708,H,D,1.72,-1.0,-1.0
1012,I1,2014-03-09,0.266951889385,0.293976174198,0.439071936417,0.439071936417,-0.0196436599131,H,H,2.18,1.18,1.23
1013,F1,2017-03-18,0.267173757458,0.321777307421,0.411048935121,0.411048935121,-0.0497805579667,H,D,2.17,-1.0,-1.0
1014,I1,2016-04-10,0.446150297137,0.28814420595,0.265705496914,0.446150297137,-0.0233332709386,A,A,2.13,1.13,1.17
1015,E2,2013-12-29,0.186382839334,0.265700372058,0.547916788607,0.547916788607,-0.0473213066306,H,H,1.68,0.68,0.71
1016,I1,2013-02-24,0.403685877126,0.295280229833,0.301033893041,0.403685877126,-0.0292145557743,A,D,2.31,-1.0,-1.0
1017,E2,2011-03-12,0.265478970813,0.265700534636,0.468820494551,0.468820494551,-0.0166163986528,H,A,2.06,-1.0,-1.0
1018,E2,2010-01-23,0.290583211331,0.259182707061,0.450234081608,0.450234081608,-0.00848151472195,H,H,2.18,1.18,
1019,F1,2009-12-06,0.415456846952,0.310694974464,0.273848178584,0.415456846952,-0.0475061160113,A,H,2.16,-1.0,-1.0
1020,E2,2011-03-19,0.163997579142,0.247002866317,0.588999554541,0.588999554541,-0.0282843960759,H,D,1.62,-1.0,-1.0
1021,F1,2016-05-07,0.639131065155,0.201212717689,0.159656217156,0.639131065155,-0.0365446105205,A,A,1.48,0.48,0.53
1022,E2,2012-03-31,0.372541525192,0.288390042006,0.339068432802,0.372541525192,-0.0476265420351,A,D,2.38,-1.0,-1.0
1023,E2,2014-02-01,0.326440821256,0.261855807699,0.411703371046,0.411703371046,-0.00323438829041,H,H,2.41,1.41,1.55
1024,I1,2014-04-12,0.0723380381213,0.188921336397,0.738740625481,0.738740625481,-0.00752803123523,H,H,1.34,0.34,0.36
1025,E1,2012-02-18,0.320261015277,0.289488518601,0.390250466122,0.390250466122,-0.0407840166369,H,H,2.32,1.32,
1026,D1,2014-12-06,0.313450683178,0.260750217856,0.425799098965,0.425799098965,0.00563103173859,H,D,2.38,-1.0,-1.0
1027,E1,2010-03-09,0.314400130072,0.305609744537,0.379990125391,0.379990125391,-0.0547924833048,H,H,2.3,1.3,
1028,SP1,2010-11-07,0.250443531506,0.278750158423,0.470806310071,0.470806310071,-0.016998567978,H,H,2.05,1.05,
1029,I1,2015-01-18,0.49278528283,0.284526907162,0.222687810007,0.49278528283,-0.0391296107865,A,A,1.88,0.88,0.89
1030,F1,2015-11-21,0.665750781251,0.19927684357,0.134972375179,0.665750781251,-0.0239043911623,A,A,1.45,0.45,0.49
1031,E1,2015-12-12,0.303398425889,0.296064364749,0.400537209362,0.400537209362,-0.0519514784206,H,A,2.21,-1.0,-1.0
1032,E0,2016-12-04,0.445850257644,0.265278706859,0.288871035497,0.445850257644,-0.0236333104314,A,D,2.13,-1.0,-1.0
1033,E1,2013-12-03,0.231886421579,0.267277514884,0.500836063537,0.500836063537,-0.0310788300802,H,H,1.88,0.88,0.92
1034,I1,2011-05-15,0.073542234646,0.136287254065,0.790170511289,0.790170511289,-0.0162811016145,H,H,1.24,0.24,
1035,E0,2012-04-16,0.0550762851681,0.156363906063,0.788559808769,0.788559808769,-0.00509098488144,H,A,1.26,-1.0,-1.0
1036,I1,2016-02-21,0.443542780679,0.290690161023,0.265767058298,0.443542780679,-0.0303908686102,A,A,2.11,1.11,1.15
1037,E2,2011-01-22,0.315093575656,0.279325294952,0.405581129392,0.405581129392,-0.0254533533667,H,A,2.32,-1.0,-1.0
1038,I1,2011-11-06,0.0724111115607,0.214188218759,0.71340066968,0.71340066968,-0.0165263376192,H,H,1.37,0.37,
1039,SP1,2015-04-05,0.293690705774,0.318963270968,0.387346023258,0.387346023258,-0.0570984211861,H,H,2.25,1.25,1.33
1040,E2,2014-04-12,0.327508532062,0.290864534471,0.381626933468,0.381626933468,-0.0151984633577,H,H,2.52,1.52,1.64
1041,SC0,2012-02-11,0.333343173926,0.295409277441,0.371247548633,0.371247548633,-0.0224532387689,H,D,2.54,-1.0,-1.0
1042,I1,2013-12-02,0.35869912076,0.258034325089,0.383266554151,0.383266554151,0.0442835033039,H,A,2.95,-1.0,-1.0
1043,I1,2017-04-08,0.239799978049,0.231577707046,0.528622314905,0.528622314905,0.00230652543146,H,D,1.9,-1.0,-1.0
1044,E2,2013-03-29,0.302822076666,0.28343498225,0.413742941084,0.413742941084,-0.0267856932775,H,D,2.27,-1.0,-1.0
1045,SP1,2014-12-20,0.00233660188919,0.0049922991393,0.992671098972,0.992671098972,0.0402901465906,H,H,1.05,0.05,0.07
1046,E1,2011-11-01,0.428229916941,0.28285602452,0.288914058538,0.428229916941,-0.0412536511337,A,A,2.13,1.13,
1047,SC0,2016-02-27,0.142589388285,0.228881790224,0.628528821491,0.628528821491,-0.0166324688315,H,D,1.55,-1.0,-1.0
1048,E1,2010-02-20,0.194605249522,0.27825554442,0.527139206058,0.527139206058,-0.0576561155791,H,A,1.71,-1.0,-1.0
1049,E1,2010-12-18,0.378138575792,0.310544897981,0.311316526227,0.378138575792,-0.0350845647036,A,H,2.42,-1.0,-1.0
1050,E0,2015-05-09,0.22498660186,0.252791198707,0.522222199433,0.522222199433,-0.00409359004054,H,H,1.9,0.9,0.91
1051,SC0,2014-11-01,0.212499343427,0.247827342642,0.539673313931,0.539673313931,-0.00677477350085,H,D,1.83,-1.0,-1.0
1052,E2,2015-11-14,0.22537656939,0.258907953232,0.515715477378,0.515715477378,-0.0248250631625,H,D,1.85,-1.0,-1.0
1053,SP1,2015-05-03,0.210465190365,0.224097204294,0.56543760534,0.56543760534,0.00363985253134,H,D,1.78,-1.0,-1.0
1054,F1,2013-01-19,0.173930837083,0.271788119833,0.554281043083,0.554281043083,-0.0554750544777,H,H,1.64,0.64,0.68
1055,I1,2016-11-20,0.261374873757,0.268179278606,0.470445847636,0.470445847636,-0.00125226557107,H,H,2.12,1.12,1.17
1056,SP1,2014-01-04,0.318881530032,0.305753435537,0.375365034431,0.375365034431,-0.0430450074101,H,H,2.39,1.39,1.44
1057,I1,2012-12-22,0.481035929953,0.28123195022,0.237732119827,0.481035929953,-0.0425242794709,A,A,1.91,0.91,0.95
1058,E1,2016-02-13,0.157997026446,0.231828429887,0.610174543668,0.610174543668,-0.0267681314915,H,H,1.57,0.57,0.59
1059,D1,2013-03-16,0.403741907116,0.263881768916,0.332376323968,0.403741907116,-0.0387359689905,A,H,2.26,-1.0,-1.0
1060,SP1,2010-11-13,0.175594310111,0.25590030313,0.568505386759,0.568505386759,-0.0302970084507,H,H,1.67,0.67,
1061,SC0,2015-04-22,0.788744951902,0.128744647037,0.082510401061,0.788744951902,-0.0112550480984,A,A,1.25,0.25,0.29
1062,D1,2011-03-05,0.289889464842,0.291331629532,0.418778905625,0.418778905625,-0.0596899938964,H,H,2.09,1.09,
1063,E0,2013-03-16,0.483467502007,0.262603755305,0.253928742688,0.483467502007,-0.0428482874666,A,H,1.9,-1.0,-1.0
1064,SP1,2013-03-16,0.021115634282,0.0522598499711,0.926624515747,0.926624515747,0.0416687635344,H,H,1.13,0.13,0.14
1065,SP1,2012-12-08,0.788590679417,0.131032946817,0.0803763737661,0.788590679417,0.00118910461382,A,A,1.27,0.27,0.29
1066,SP1,2010-11-21,0.207660100638,0.267966981481,0.524372917882,0.524372917882,-0.0132614907206,H,H,1.86,0.86,
1067,SC0,2013-12-29,0.401438664435,0.277557871112,0.321003464454,0.401438664435,-0.0469918288389,A,A,2.23,1.23,1.26
1068,SP1,2011-02-05,0.270815460904,0.28088266853,0.448301870565,0.448301870565,-0.0395030074834,H,D,2.05,-1.0,-1.0
1069,I1,2015-04-19,0.496747297037,0.252544330927,0.250708372036,0.496747297037,-0.0323532320634,A,A,1.89,0.89,0.89
1070,E1,2010-03-21,0.198848869904,0.276464547735,0.524686582361,0.524686582361,-0.0467419890676,H,D,1.75,-1.0,-1.0
1071,I1,2016-05-08,0.0475546304545,0.124414786751,0.828030582794,0.828030582794,0.00835845164647,H,H,1.22,0.22,0.24
1072,F1,2014-03-30,0.289717460653,0.287301896966,0.422980642381,0.422980642381,-0.000748171178263,H,A,2.36,-1.0,-1.0
1073,E2,2010-04-10,0.299123982342,0.286105835363,0.414770182295,0.414770182295,-0.0503460967747,H,H,2.15,1.15,
1074,E1,2013-02-09,0.370327100794,0.267644097509,0.362028801698,0.370327100794,-0.0395089647803,A,H,2.44,-1.0,-1.0
1075,D1,2012-04-14,0.396863823945,0.293898563178,0.309237612877,0.396863823945,-0.0233042432821,A,A,2.38,1.38,
1076,E2,2010-03-30,0.313147121821,0.28450413882,0.402348739359,0.402348739359,-0.0305516935411,H,A,2.31,-1.0,-1.0
1077,I1,2014-11-23,0.196566810801,0.263054242727,0.540378946472,0.540378946472,-0.00606914095962,H,A,1.83,-1.0,-1.0
1078,E2,2015-02-14,0.384065912364,0.281836091527,0.334097996109,0.384065912364,-0.0451186369921,A,H,2.33,-1.0,-1.0
1079,D1,2016-03-02,0.0130334882569,0.0539896564989,0.932976855244,0.932976855244,0.040119712387,H,A,1.12,-1.0,-1.0
1080,I1,2017-04-15,0.0697158363342,0.172168508687,0.758115654979,0.758115654979,-0.00524312364682,H,A,1.31,-1.0,-1.0
1081,F1,2010-04-28,0.443895608025,0.284759407305,0.27134498467,0.443895608025,-0.0463004704064,A,H,2.04,-1.0,-1.0
1082,E2,2012-12-08,0.368937566395,0.295599108051,0.335463325555,0.368937566395,-0.0186593328302,A,H,2.58,-1.0,-1.0
1083,F1,2012-12-01,0.268265000247,0.292680792913,0.43905420684,0.43905420684,-0.0463826863637,H,D,2.06,-1.0,-1.0
1084,D1,2012-01-28,0.0684262411886,0.204287833815,0.727285924997,0.727285924997,-0.0189827317198,H,H,1.34,0.34,
1085,E2,2010-02-13,0.136585463769,0.247804631253,0.615609904978,0.615609904978,-0.0379848662636,H,H,1.53,0.53,
1086,I1,2015-04-08,0.444190124721,0.287258976412,0.268550898867,0.444190124721,-0.0342787748004,A,H,2.09,-1.0,-1.0
1087,D1,2010-11-26,0.220771796973,0.29385306564,0.485375137387,0.485375137387,-0.0640754120639,H,H,1.82,0.82,
1088,SP1,2016-05-01,0.314766922895,0.256482564059,0.428750513046,0.428750513046,-0.00228396971275,H,H,2.32,1.32,1.37
1089,E0,2010-11-10,0.0289318081825,0.141567317046,0.829500874771,0.829500874771,-0.003832458562,H,H,1.2,0.2,
1090,SP1,2013-05-26,0.335474875212,0.289612045037,0.374913079751,0.374913079751,-0.0349229858223,H,H,2.44,1.44,1.55
1091,I1,2010-04-11,0.123541874566,0.228593140806,0.647864984628,0.647864984628,-0.0324071242154,H,H,1.47,0.47,
1092,SC0,2015-01-21,0.502177918017,0.254106085988,0.243715995995,0.502177918017,-0.0503082698286,A,D,1.81,-1.0,-1.0
1093,D1,2014-12-06,0.0646550959466,0.122878931426,0.812465972627,0.812465972627,0.0188151789765,H,H,1.26,0.26,0.28
1094,SP1,2014-02-02,0.0637892588757,0.197493902535,0.738716838589,0.738716838589,-0.0188589189867,H,H,1.32,0.32,0.33
1095,E1,2015-11-21,0.151472628224,0.236756597633,0.611770774143,0.611770774143,-0.0132292258568,H,H,1.6,0.6,0.61
1096,SP1,2014-02-01,0.287851399356,0.29096411186,0.421184488783,0.421184488783,-0.0417784741796,H,D,2.16,-1.0,-1.0
1097,SC0,2013-04-20,0.189761777086,0.261445749019,0.548792473896,0.548792473896,-0.0360028477419,H,A,1.71,-1.0,-1.0
1098,E0,2012-12-22,0.386963693527,0.303338804583,0.30969750189,0.386963693527,-0.019540371514,A,A,2.46,1.46,1.54
1099,SP1,2010-11-14,0.284835985699,0.296877668847,0.418286345454,0.418286345454,-0.0534117677535,H,H,2.12,1.12,
1100,I1,2012-12-22,0.0863876459519,0.194681401943,0.718930952105,0.718930952105,-0.021809788636,H,D,1.35,-1.0,-1.0
1101,F1,2010-02-06,0.193798474008,0.27881104505,0.527390480942,0.527390480942,-0.025095706903,H,A,1.81,-1.0,-1.0
1102,E2,2009-11-21,0.470243364191,0.284403904533,0.245352731276,0.470243364191,-0.0505899691428,A,A,1.92,0.92,
1103,E2,2014-02-11,0.216975900676,0.261352633546,0.521671465777,0.521671465777,-0.0277790836732,H,A,1.82,-1.0,-1.0
1104,E0,2012-04-09,0.410358990202,0.242494090709,0.347146919089,0.410358990202,-0.0547572888682,A,D,2.15,-1.0,-1.0
1105,D1,2012-02-19,0.329019987793,0.288090353054,0.382889659153,0.382889659153,-0.0269464064209,H,H,2.44,1.44,
1106,F1,2013-02-23,0.260671651045,0.275698369193,0.463629979762,0.463629979762,-0.0125604964287,H,D,2.1,-1.0,-1.0
1107,SC0,2016-02-16,0.269693543397,0.249190887255,0.481115569348,0.481115569348,-0.0213969934661,H,A,1.99,-1.0,-1.0
1108,E0,2014-05-03,0.292107798335,0.246715184973,0.461177016692,0.461177016692,0.0225805254644,H,H,2.28,1.28,1.37
1109,E0,2016-05-07,0.573826231735,0.228144536125,0.19802923214,0.573826231735,-0.0396707007805,A,D,1.63,-1.0,-1.0
1110,SP1,2015-11-07,0.344628298452,0.312574241585,0.342797459962,0.344628298452,-0.00502205119816,A,D,2.86,-1.0,-1.0
1111,E0,2010-01-27,0.420529790554,0.298095487348,0.281374722098,0.420529790554,-0.0239146538903,A,D,2.25,-1.0,-1.0
1112,SP1,2010-04-25,0.300246224711,0.298459305255,0.401294470035,0.401294470035,-0.0451341013937,H,A,2.24,-1.0,-1.0
1113,F1,2017-04-05,0.577552102767,0.229549644331,0.192898252902,0.577552102767,-0.0474478972331,A,A,1.6,0.6,
1114,I1,2011-12-10,0.467185297133,0.30436204064,0.228452662227,0.467185297133,-0.0456352156872,A,A,1.95,0.95,
1115,E0,2012-01-31,0.473915433363,0.292361463412,0.233723103226,0.473915433363,-0.0362886482701,A,D,1.96,-1.0,-1.0
1116,E1,2011-02-19,0.278806702204,0.259109410389,0.462083887407,0.462083887407,0.00125439431921,H,H,2.17,1.17,
1117,SC0,2016-12-24,0.847790829309,0.109456761211,0.0427524094801,0.847790829309,0.0213445483168,A,A,1.21,0.21,0.25
1118,E1,2011-11-26,0.204565061573,0.262500955697,0.53293398273,0.53293398273,-0.013514104702,H,A,1.83,-1.0,-1.0
1119,SP1,2013-05-19,0.228903267011,0.264737989068,0.506358743921,0.506358743921,-0.0341817966192,H,A,1.85,-1.0,-1.0
1120,D1,2014-02-15,0.354297342565,0.285059377382,0.360643280052,0.360643280052,-0.00836040998443,H,H,2.71,1.71,1.78
1121,I1,2012-01-22,0.298495219185,0.302161756121,0.399343024694,0.399343024694,-0.0261888901997,H,D,2.35,-1.0,-1.0
1122,SC0,2015-05-09,0.375898807344,0.291758159619,0.332343033037,0.375898807344,-0.0373243331517,A,D,2.42,-1.0,-1.0
1123,SP1,2013-03-09,0.224328868097,0.252479626115,0.523191505789,0.523191505789,0.00772758826276,H,H,1.94,0.94,0.94
1124,SC0,2011-11-19,0.336848953161,0.293512131666,0.369638915173,0.369638915173,-0.0303610848271,H,A,2.5,-1.0,-1.0
1125,E0,2010-01-26,0.31152334291,0.267523019217,0.420953637873,0.420953637873,0.0144495728327,H,D,2.46,-1.0,-1.0
1126,I1,2016-11-20,0.353141743352,0.302366080404,0.344492176244,0.353141743352,-0.0186054685437,A,D,2.69,-1.0,-1.0
1127,E0,2013-12-22,0.333371216223,0.298998524407,0.36763025937,0.36763025937,-0.0307761151315,H,A,2.51,-1.0,-1.0
1128,I1,2012-02-13,0.119511597253,0.247950952039,0.632537450707,0.632537450707,-0.0297142049217,H,H,1.51,0.51,
1129,E1,2017-03-07,0.480927042562,0.273902769568,0.245170187871,0.480927042562,-0.0292770390708,A,D,1.96,-1.0,-1.0
1130,E1,2012-03-03,0.392049008133,0.293430890929,0.314520100938,0.392049008133,-0.0334829067609,A,A,2.35,1.35,
1131,E1,2016-05-02,0.181244753837,0.245879065302,0.572876180861,0.572876180861,-0.0406207516542,H,D,1.63,-1.0,-1.0
1132,E1,2015-12-12,0.342941847309,0.292943008845,0.364115143846,0.364115143846,-0.0175642454673,H,D,2.62,-1.0,-1.0
1133,E2,2015-03-21,0.472627285773,0.271479400236,0.255893313991,0.472627285773,-0.0509329236515,A,D,1.91,-1.0,-1.0
1134,E0,2010-03-13,0.0307424712128,0.161545245583,0.807712283204,0.807712283204,-0.0119598479438,H,H,1.22,0.22,
1135,F1,2012-03-24,0.314323447283,0.290771502882,0.394905049835,0.394905049835,-0.00509495016505,H,D,2.5,-1.0,-1.0
1136,F1,2014-03-16,0.0817783996192,0.193733153169,0.724488447212,0.724488447212,-0.0108056704351,H,H,1.36,0.36,0.37
1137,I1,2014-12-14,0.63397459751,0.237716824629,0.128308577861,0.63397459751,-0.0239201393316,A,A,1.52,0.52,0.54
1138,I1,2017-02-12,0.22487714329,0.274645485332,0.500477371378,0.500477371378,-0.0286231577227,H,H,1.89,0.89,0.9
1139,F1,2009-12-20,0.0608830767433,0.239401628686,0.69971529457,0.69971529457,-0.0410254461702,H,H,1.35,0.35,
1140,E0,2014-01-11,0.232777323618,0.256398681478,0.510823994904,0.510823994904,0.000619913271005,H,A,1.96,-1.0,-1.0
1141,F1,2011-05-15,0.43939823674,0.291453298452,0.269148464808,0.43939823674,-0.0484066413086,A,D,2.05,-1.0,-1.0
1142,E0,2012-02-04,0.429676247387,0.280034563515,0.290289189097,0.429676247387,-0.0398073206878,A,D,2.13,-1.0,-1.0
1143,SP1,2010-03-13,0.328987716622,0.298017321354,0.372994962024,0.372994962024,-0.045415079817,H,D,2.39,-1.0,-1.0
1144,E1,2017-03-18,0.188800137596,0.20650902592,0.604690836485,0.604690836485,-0.00136976957598,H,H,1.65,0.65,0.68
1145,D1,2010-04-24,0.480980523984,0.25771077785,0.261308698165,0.480980523984,-0.0453352654892,A,A,1.9,0.9,
1146,D1,2013-11-24,0.329136862786,0.278849526673,0.392013610541,0.392013610541,-0.0263964313,H,A,2.39,-1.0,-1.0
1147,E1,2014-03-12,0.180447018919,0.275450657988,0.544102323092,0.544102323092,-0.0372930257449,H,H,1.72,0.72,0.75
1148,E1,2010-12-28,0.157861697835,0.281073117095,0.56106518507,0.56106518507,-0.0639348149302,H,H,1.6,0.6,
1149,E1,2010-12-11,0.3732342384,0.301507654233,0.325258107367,0.3732342384,-0.0349290269057,A,H,2.45,-1.0,-1.0
1150,E1,2014-01-28,0.472192456454,0.263328309997,0.264479233549,0.472192456454,-0.0513677529697,A,A,1.91,0.91,0.98
1151,SP1,2014-03-16,0.306742402475,0.280388204625,0.4128693929,0.4128693929,-0.0126625219935,H,D,2.35,-1.0,-1.0
1152,SC0,2015-02-28,0.370581081686,0.288746386737,0.340672531577,0.370581081686,-0.0200439183141,A,H,2.56,-1.0,-1.0
1153,I1,2010-02-07,0.204880786745,0.284140553675,0.51097865958,0.51097865958,-0.0153371298933,H,A,1.9,-1.0,-1.0
1154,SC0,2015-01-21,0.375049303962,0.273780210097,0.351170485941,0.375049303962,-0.0416173627046,A,H,2.4,-1.0,-1.0
1155,E2,2013-12-21,0.361343403965,0.29963871097,0.339017885065,0.361343403965,-0.0262534952599,A,D,2.58,-1.0,-1.0
1156,SC0,2017-04-15,0.557350414255,0.258929807218,0.183719778527,0.557350414255,-0.041451980955,A,A,1.67,0.67,0.68
1157,F1,2011-03-12,0.412892494928,0.295516909166,0.291590595906,0.412892494928,-0.0416529596174,A,A,2.2,1.2,
1158,E0,2011-12-17,0.328976638841,0.289630916936,0.381392444224,0.381392444224,-0.04413947067,H,A,2.35,-1.0,-1.0
1159,SP1,2016-03-05,0.148430547467,0.242481721288,0.609087731245,0.609087731245,-0.0120302811773,H,A,1.61,-1.0,-1.0
1160,E1,2015-12-05,0.262812270716,0.324929142136,0.412258587149,0.412258587149,-0.0708332002911,H,A,2.07,-1.0,-1.0
1161,SC0,2009-12-30,0.254975291729,0.272253415664,0.472771292608,0.472771292608,-0.0322792124428,H,H,1.98,0.98,
1162,E2,2011-02-05,0.236089929833,0.267867638896,0.496042431271,0.496042431271,-0.0302733582027,H,H,1.9,0.9,
1163,SP1,2010-01-24,0.112084810351,0.236231405328,0.651683784321,0.651683784321,-0.0332477225284,H,H,1.46,0.46,
1164,F1,2011-01-30,0.283185737953,0.318502122263,0.398312139784,0.398312139784,-0.0441657363223,H,A,2.26,-1.0,-1.0
1165,F1,2014-01-25,0.280182275457,0.31469812237,0.405119602173,0.405119602173,-0.041308969256,H,D,2.24,-1.0,-1.0
1166,D1,2016-03-02,0.220195244629,0.263619809693,0.516184945677,0.516184945677,-0.0214494629248,H,H,1.86,0.86,0.92
1167,SP1,2012-11-03,0.0062551035056,0.0320979988042,0.96164689769,0.96164689769,0.0357209717643,H,H,1.08,0.08,0.1
1168,SC0,2011-01-01,0.364169504939,0.299303825367,0.336526669694,0.364169504939,-0.0295312824622,A,D,2.54,-1.0,-1.0
1169,E2,2017-03-25,0.375020135242,0.30295612734,0.322023737418,0.375020135242,-0.0298381643528,A,A,2.47,1.47,1.51
1170,E0,2015-01-19,0.213686588763,0.271810276505,0.514503134732,0.514503134732,-0.0319449527001,H,D,1.83,-1.0,-1.0
1171,F1,2013-11-29,0.220871049015,0.288550243812,0.490578707173,0.490578707173,-0.0528995536969,H,H,1.84,0.84,0.93
1172,E2,2011-01-22,0.251402229569,0.268540150951,0.48005761948,0.48005761948,-0.0490429096206,H,H,1.89,0.89,
1173,E0,2010-05-02,0.482138300468,0.22945866723,0.288403032302,0.482138300468,-0.0613399604011,A,A,1.84,0.84,
1174,I1,2015-12-06,0.36688950047,0.304626527271,0.328483972258,0.36688950047,-0.0237354995296,A,A,2.56,1.56,1.64
1175,F1,2010-05-08,0.184996020569,0.239170811433,0.575833167998,0.575833167998,-0.0265764705563,H,H,1.66,0.66,
1176,I1,2013-05-19,0.867525054239,0.0893320282104,0.0431429175505,0.867525054239,0.0200674271204,A,A,1.18,0.18,0.2
1177,E1,2012-11-17,0.408254765386,0.261826224297,0.329919010318,0.408254765386,-0.0442339223969,A,A,2.21,1.21,1.26
1178,I1,2010-01-06,0.498465577227,0.291473380503,0.210061042269,0.498465577227,-0.0479825102044,A,A,1.83,0.83,
1179,F1,2015-01-16,0.23976411863,0.307134098527,0.453101782843,0.453101782843,-0.0571022987896,H,A,1.96,-1.0,-1.0
1180,E0,2014-03-29,0.110388730931,0.200834473375,0.688776795694,0.688776795694,-0.00566764875066,H,H,1.44,0.44,0.44
1181,I1,2013-03-17,0.367656225038,0.287250329228,0.345093445734,0.367656225038,-0.038847840003,A,A,2.46,1.46,1.51
1182,E2,2010-02-06,0.425986212819,0.264973098394,0.309040688787,0.425986212819,-0.0594506803846,A,D,2.06,-1.0,-1.0
1183,D1,2013-03-02,0.354112981821,0.271473350222,0.374413667957,0.374413667957,-0.00726572135636,H,A,2.62,-1.0,-1.0
1184,SP1,2012-11-18,0.224438504214,0.262902619419,0.512658876367,0.512658876367,-0.0136569131067,H,D,1.9,-1.0,-1.0
1185,I1,2017-05-28,0.344359851365,0.243341942644,0.412298205991,0.412298205991,-0.0638922701992,H,H,2.1,1.1,1.15
1186,SC0,2016-05-15,0.0658912296904,0.110662892664,0.823445877646,0.823445877646,0.00377374649834,H,H,1.22,0.22,0.25
1187,E1,2013-04-16,0.291237719785,0.279803221159,0.428959059056,0.428959059056,-0.0297565372748,H,D,2.18,-1.0,-1.0
1188,SP1,2014-04-20,0.265600103826,0.26374934736,0.470650548814,0.470650548814,-0.0268618889967,H,H,2.01,1.01,1.04
1189,I1,2014-03-02,0.3182676165,0.314299926869,0.367432456631,0.367432456631,-0.0390716084096,H,H,2.46,1.46,1.49
1190,E1,2011-11-20,0.214539388829,0.279705749415,0.505754861756,0.505754861756,-0.0529043561212,H,A,1.79,-1.0,-1.0
1191,D1,2015-05-02,0.112112768115,0.17644494445,0.711442287435,0.711442287435,-0.00284342685054,H,D,1.4,-1.0,-1.0
1192,F1,2011-02-13,0.257449249723,0.292054427818,0.450496322459,0.450496322459,-0.0302729083104,H,H,2.08,1.08,
1193,E0,2015-02-28,0.230809380386,0.291992334369,0.477198285245,0.477198285245,-0.038265632281,H,H,1.94,0.94,0.96
1194,E2,2011-12-26,0.332462655547,0.293360143902,0.374177200551,0.374177200551,-0.0513547143425,H,A,2.35,-1.0,-1.0
1195,F1,2013-05-11,0.281917865215,0.291502352588,0.426579782197,0.426579782197,-0.0279656723481,H,A,2.2,-1.0,-1.0
1196,SC0,2012-03-17,0.336692286251,0.311048170606,0.352259543143,0.352259543143,-0.0525987564521,H,A,2.47,-1.0,-1.0
1197,E1,2011-04-16,0.190842813509,0.247953735273,0.561203451218,0.561203451218,-0.0102251202102,H,D,1.75,-1.0,-1.0
1198,SP1,2011-01-03,0.115553669947,0.212368397648,0.672077932405,0.672077932405,-0.0223665120394,H,D,1.44,-1.0,-1.0
1199,E0,2011-02-23,0.0570004719185,0.185713113648,0.757286414434,0.757286414434,-0.0179073840158,H,H,1.29,0.29,
1200,E0,2012-03-04,0.155346761431,0.256708697912,0.587944540657,0.587944540657,-0.0449668517483,H,H,1.58,0.58,
1201,E0,2013-04-27,0.0594847187513,0.144527872417,0.795987408832,0.795987408832,0.0023366151812,H,H,1.26,0.26,0.28
1202,E0,2010-05-09,0.297626933974,0.285572668738,0.416800397288,0.416800397288,-0.0377450572575,H,H,2.2,1.2,
1203,E1,2010-02-27,0.341927610933,0.282321598029,0.375750791038,0.375750791038,-0.00739097141411,H,H,2.61,1.61,
1204,E1,2010-03-06,0.27236814496,0.280299473572,0.447332381467,0.447332381467,-0.0311365180541,H,A,2.09,-1.0,-1.0
1205,SP1,2016-02-07,0.324526698392,0.291588050446,0.383885251162,0.383885251162,-0.00221513493808,H,H,2.59,1.59,1.69
1206,SP1,2017-02-28,0.203471404553,0.281434777731,0.515093817716,0.515093817716,-0.0498779336963,H,H,1.77,0.77,0.81
1207,SP1,2013-12-01,0.372336855136,0.288924792947,0.338738351917,0.372336855136,-0.0308889513156,A,A,2.48,1.48,1.54
1208,E0,2012-03-03,0.478967445655,0.275470162294,0.24556239205,0.478967445655,-0.0391672693705,A,H,1.93,-1.0,-1.0
1209,E2,2017-03-18,0.171931824872,0.243561693083,0.584506482045,0.584506482045,-0.0289904504706,H,H,1.63,0.63,0.66
1210,D1,2011-02-18,0.242390122271,0.264986616527,0.492623261203,0.492623261203,-0.0228406563232,H,H,1.94,0.94,
1211,SP1,2015-04-04,0.260543698138,0.28178726352,0.457669038342,0.457669038342,-0.00744724072747,H,A,2.15,-1.0,-1.0
1212,SP1,2015-03-08,0.146666535465,0.229372709167,0.623960755368,0.623960755368,0.00667680475048,H,D,1.62,-1.0,-1.0
1213,SC0,2011-01-15,0.292535348029,0.293071807544,0.414392844427,0.414392844427,-0.0617976317634,H,D,2.1,-1.0,-1.0
1214,SP1,2011-03-06,0.253394195921,0.289157440152,0.457448363928,0.457448363928,-0.0450641988865,H,A,1.99,-1.0,-1.0
1215,I1,2012-04-01,0.190847811623,0.29783883794,0.511313350437,0.511313350437,-0.0568684677444,H,A,1.76,-1.0,-1.0
1216,E0,2015-04-12,0.341402427194,0.234324266042,0.424273306764,0.424273306764,0.041131544312,H,H,2.61,1.61,1.74
1217,I1,2015-04-30,0.512112104976,0.255248573986,0.232639321038,0.512112104976,-0.0434434505797,A,H,1.8,-1.0,-1.0
1218,E0,2012-12-29,0.276317783679,0.280384824914,0.443297391406,0.443297391406,-0.0351715081152,H,A,2.09,-1.0,-1.0
1219,E2,2013-11-02,0.286209509419,0.274665960379,0.439124530202,0.439124530202,-0.0303590378731,H,D,2.13,-1.0,-1.0
1220,SP1,2015-12-13,0.301050798845,0.274963534252,0.423985666902,0.423985666902,-0.0126955558054,H,A,2.29,-1.0,-1.0
1221,E0,2014-04-05,0.0424388939652,0.164822836931,0.792738269104,0.792738269104,-0.000912524547087,H,H,1.26,0.26,0.27
1222,E0,2010-02-23,0.0283671169119,0.135028121331,0.836604761757,0.836604761757,-0.00373137269685,H,H,1.19,0.19,
1223,E2,2017-02-21,0.350606410973,0.312212457795,0.337181131232,0.350606410973,-0.00275047948686,A,A,2.83,1.83,1.97
1224,E0,2014-12-08,0.342959963689,0.246731189635,0.410308846677,0.410308846677,0.0440084803762,H,A,2.73,-1.0,-1.0
1225,E2,2013-12-21,0.280700352447,0.286080147457,0.433219500096,0.433219500096,-0.0545853779528,H,H,2.05,1.05,1.1
1226,F1,2012-05-03,0.303157328581,0.303656859216,0.393185812203,0.393185812203,-0.030543001356,H,A,2.36,-1.0,-1.0
1227,E0,2013-12-26,0.0731007204037,0.17284195802,0.754057321576,0.754057321576,0.00217762232768,H,H,1.33,0.33,0.34
1228,D1,2017-02-04,0.221549088775,0.272218916887,0.506231994338,0.506231994338,-0.0555657584709,H,H,1.78,0.78,0.79
1229,E2,2012-03-10,0.290684078814,0.302031163611,0.407284757575,0.407284757575,-0.0734844731939,H,A,2.08,-1.0,-1.0
1230,F1,2014-02-23,0.26025713719,0.307070577847,0.432672284963,0.432672284963,-0.0457966145588,H,D,2.09,-1.0,-1.0
1231,SP1,2013-02-17,0.264427485949,0.26511217512,0.470460338931,0.470460338931,-0.0126314485087,H,H,2.07,1.07,1.07
1232,I1,2016-05-08,0.48555379145,0.243634291901,0.270811916649,0.48555379145,-0.0435467376506,A,A,1.89,0.89,0.91
1233,SC0,2011-01-26,0.322324854178,0.295912935122,0.3817622107,0.3817622107,-0.0492722720588,H,A,2.32,-1.0,-1.0
1234,D1,2013-12-13,0.173804634452,0.212989407591,0.613205957957,0.613205957957,-0.00407799265983,H,H,1.62,0.62,0.65
1235,SC0,2011-05-14,0.333551611295,0.289820411269,0.376627977436,0.376627977436,-0.0249784482666,H,A,2.49,-1.0,-1.0
1236,SC0,2017-05-13,0.294178677228,0.280783493992,0.425037828781,0.425037828781,-0.0135586624475,H,H,2.28,1.28,1.38
1237,SC0,2012-01-24,0.163351626456,0.243771500908,0.592876872635,0.592876872635,-0.0400345197696,H,H,1.58,0.58,
1238,D1,2014-02-01,0.20302995116,0.257724125112,0.539245923729,0.539245923729,-0.028935894453,H,H,1.76,0.76,0.8
1239,E2,2017-03-25,0.516889651473,0.240409519597,0.242700828931,0.516889651473,-0.0417695664043,A,A,1.79,0.79,0.85
1240,SP1,2014-12-07,0.450344892341,0.275518549018,0.274136558642,0.450344892341,-0.0422659450979,A,D,2.03,-1.0,-1.0
1241,F1,2015-12-13,0.045771362865,0.150955561345,0.80327307579,0.80327307579,0.00327307579021,H,H,1.25,0.25,0.27
1242,E0,2015-02-28,0.0721721129555,0.187494578337,0.740333308707,0.740333308707,0.00503919106044,H,H,1.36,0.36,0.36
1243,E2,2013-03-05,0.26480598208,0.282508831458,0.452685186462,0.452685186462,-0.0473148135375,H,D,2.0,-1.0,-1.0
1244,E0,2013-03-16,0.458256702451,0.283989075078,0.257754222471,0.458256702451,-0.0343541349873,A,H,2.03,-1.0,-1.0
1245,E2,2017-02-21,0.346246251462,0.298987620916,0.354766127622,0.354766127622,-0.0550699379517,H,A,2.44,-1.0,-1.0
1246,E2,2011-03-25,0.483463213012,0.266458936617,0.250077850371,0.483463213012,-0.0428525764619,A,D,1.9,-1.0,-1.0
1247,I1,2013-04-21,0.189910101554,0.2741329834,0.535956915046,0.535956915046,-0.0454384337914,H,H,1.72,0.72,0.72
1248,E1,2011-01-15,0.169950706709,0.240284138797,0.589765154494,0.589765154494,-0.0162954515664,H,H,1.65,0.65,
1249,SP1,2016-05-08,0.143495064758,0.207695456395,0.648809478847,0.648809478847,-0.0178571878197,H,H,1.5,0.5,0.53
1250,E0,2011-11-19,0.213836862592,0.301239910104,0.484923227304,0.484923227304,-0.0706323282517,H,A,1.8,-1.0,-1.0
1251,E1,2016-01-16,0.142708638674,0.23635797709,0.620933384236,0.620933384236,-0.0200922567892,H,A,1.56,-1.0,-1.0
1252,F1,2010-03-26,0.0512864922728,0.187683160691,0.761030347036,0.761030347036,-0.026371227767,H,H,1.27,0.27,
1253,SC0,2017-03-11,0.256999978274,0.287829203502,0.455170818224,0.455170818224,-0.0602930993013,H,A,1.94,-1.0,-1.0
1254,I1,2010-11-14,0.184666163889,0.270343464336,0.544990371775,0.544990371775,-0.0136688461023,H,H,1.79,0.79,
1255,E2,2011-04-05,0.234369188744,0.297816325067,0.46781448619,0.46781448619,-0.0816360632608,H,H,1.82,0.82,
1256,SC0,2010-04-03,0.181625558041,0.259298202998,0.559076238961,0.559076238961,-0.0433333995931,H,A,1.66,-1.0,-1.0
1257,SP1,2014-05-03,0.292427969321,0.277995948655,0.429576082024,0.429576082024,-0.0208743684262,H,A,2.22,-1.0,-1.0
1258,E1,2013-01-12,0.155608248086,0.24982942161,0.594562330303,0.594562330303,-0.0189346022121,H,A,1.63,-1.0,-1.0
1259,E0,2012-12-15,0.332661139745,0.281143130151,0.386195730105,0.386195730105,-0.0339723371223,H,H,2.38,1.38,1.43
1260,E0,2011-04-30,0.253912003247,0.299628955816,0.446459040936,0.446459040936,-0.0560535218776,H,H,1.99,0.99,
1261,E0,2012-03-03,0.230928094725,0.302626477681,0.466445427593,0.466445427593,-0.0711889810087,H,H,1.86,0.86,
1262,E2,2015-03-14,0.288709000772,0.283187609858,0.42810338937,0.42810338937,-0.0327261037176,H,A,2.17,-1.0,-1.0
1263,E1,2016-11-19,0.308492274556,0.291149433285,0.400358292159,0.400358292159,-0.0306761905995,H,D,2.32,-1.0,-1.0
1264,F1,2016-01-31,0.622248193023,0.24672578934,0.131026017637,0.622248193023,-0.0356465438195,A,A,1.52,0.52,0.52
1265,SC0,2016-02-23,0.291264878673,0.283119761014,0.425615360314,0.425615360314,-0.0129811309142,H,H,2.28,1.28,1.41
1266,SP1,2016-01-04,0.273521648479,0.271886323604,0.454592027917,0.454592027917,0.00616153464372,H,A,2.23,-1.0,-1.0
1267,D1,2011-03-05,0.314688355115,0.293736313822,0.391575331062,0.391575331062,-0.0470211601657,H,D,2.28,-1.0,-1.0
1268,E2,2012-04-07,0.291355373521,0.265084204769,0.44356042171,0.44356042171,-0.0194025412525,H,H,2.16,1.16,
1269,SP1,2011-11-27,0.211687138349,0.254432726901,0.53388013475,0.53388013475,-0.00375427385239,H,A,1.86,-1.0,-1.0
1270,D1,2010-01-30,0.176885191743,0.263471074239,0.559643734017,0.559643734017,-0.0355943612206,H,H,1.68,0.68,
1271,F1,2014-12-05,0.353901336475,0.319660584424,0.326438079102,0.353901336475,-0.0110621671747,A,A,2.74,1.74,1.82
1272,F1,2010-01-16,0.171446551589,0.262228497531,0.566324950879,0.566324950879,-0.00838769279869,H,D,1.74,-1.0,-1.0
1273,E2,2010-02-15,0.394424790024,0.291055164473,0.314520045503,0.394424790024,-0.0347597593325,A,H,2.33,-1.0,-1.0
1274,F1,2010-05-05,0.331255214584,0.300174224595,0.368570560821,0.368570560821,-0.0116575760613,H,A,2.63,-1.0,-1.0
1275,E1,2017-04-08,0.126025693935,0.219126931914,0.654847374151,0.654847374151,-0.00740428147825,H,H,1.51,0.51,0.53
1276,I1,2015-04-20,0.124775268712,0.200995268963,0.674229462325,0.674229462325,-0.0107020445246,H,A,1.46,-1.0,-1.0
1277,I1,2010-04-24,0.240302643386,0.254120017872,0.505577338742,0.505577338742,-0.0179828706819,H,H,1.91,0.91,
1278,E2,2013-12-26,0.324638713029,0.267648550121,0.40771273685,0.40771273685,-0.0214718125064,H,H,2.33,1.33,1.4
1279,D1,2012-12-15,0.295227598412,0.266226039689,0.438546361899,0.438546361899,-0.0039315142075,H,H,2.26,1.26,1.27
1280,D1,2014-03-16,0.293512512064,0.270747783819,0.435739704117,0.435739704117,-0.020881300449,H,H,2.19,1.19,1.26
1281,F1,2016-11-05,0.284348389252,0.305298331131,0.410353279618,0.410353279618,-0.00631338704915,H,H,2.4,1.4,1.42
1282,E1,2012-03-13,0.354795972373,0.298440902353,0.346763125274,0.354795972373,-0.0268834169399,A,H,2.62,-1.0,-1.0
1283,E1,2010-02-05,0.227602952217,0.316322163255,0.456074884528,0.456074884528,-0.0815595240743,H,H,1.86,0.86,
1284,F1,2010-04-24,0.133269211555,0.262799091256,0.603931697189,0.603931697189,-0.0454189521619,H,H,1.54,0.54,
1285,E2,2011-01-25,0.294003125187,0.26747699548,0.438519879333,0.438519879333,-0.0244430836301,H,D,2.16,-1.0,-1.0
1286,E2,2013-01-29,0.422907877262,0.282595156429,0.294496966308,0.422907877262,-0.027542573188,A,H,2.22,-1.0,-1.0
1287,SC0,2014-11-22,0.167996382192,0.233081965523,0.598921652285,0.598921652285,-0.0183622983324,H,H,1.62,0.62,0.66
1288,E1,2009-12-09,0.480611991062,0.284832268473,0.234555740466,0.480611991062,-0.0658360963701,A,A,1.83,0.83,
1289,SP1,2011-11-20,0.223463883659,0.257799811304,0.518736305037,0.518736305037,0.00591579221662,H,A,1.95,-1.0,-1.0
1290,SP1,2013-04-01,0.208645711754,0.257915588008,0.533438700238,0.533438700238,0.00152380662098,H,D,1.88,-1.0,-1.0
1291,I1,2010-12-05,0.320376874233,0.324660988069,0.354962137698,0.354962137698,-0.0482636687536,H,H,2.48,1.48,
1292,D1,2012-11-11,0.278577829339,0.27800501624,0.443417154421,0.443417154421,-0.0540952833898,H,A,2.01,-1.0,-1.0
1293,E2,2013-12-20,0.314610291562,0.277501443228,0.40788826521,0.40788826521,-0.0307082260182,H,A,2.28,-1.0,-1.0
1294,E2,2016-11-19,0.252303071251,0.265701143757,0.481995784992,0.481995784992,-0.0256184282059,H,H,1.97,0.97,0.99
1295,SP1,2012-05-13,0.094621608078,0.150642470437,0.754735921485,0.754735921485,-0.0144948477461,H,H,1.3,0.3,
1296,E2,2016-03-19,0.304872850782,0.309006517208,0.386120632011,0.386120632011,-0.0544080023507,H,H,2.27,1.27,1.36
1297,SC0,2012-04-28,0.431301133524,0.29111709793,0.277581768547,0.431301133524,-0.0359885861026,A,H,2.14,-1.0,-1.0
1298,SC0,2012-01-21,0.376281780461,0.303579246907,0.320138972632,0.376281780461,-0.0403848862054,A,H,2.4,-1.0,-1.0
1299,F1,2012-12-16,0.410568878562,0.309611828643,0.279819292795,0.410568878562,-0.031908997544,A,D,2.26,-1.0,-1.0
1300,E2,2012-12-29,0.282900781923,0.300648833902,0.416450384175,0.416450384175,-0.0597400920157,H,A,2.1,-1.0,-1.0
1301,E1,2017-03-11,0.11068749762,0.175499236714,0.713813265666,0.713813265666,-0.000472448619802,H,H,1.4,0.4,0.4
1302,SP1,2013-04-06,0.0265051779473,0.0736812645767,0.899813557476,0.899813557476,0.0302483400847,H,H,1.15,0.15,0.16
1303,E2,2015-04-06,0.39161072478,0.274663060394,0.333726214826,0.39161072478,-0.0394237579786,A,H,2.32,-1.0,-1.0
1304,SC0,2015-02-11,0.749416107457,0.135827574786,0.114756317757,0.749416107457,-0.0257776909926,A,A,1.29,0.29,0.32
1305,E2,2014-01-24,0.114372307201,0.186389486037,0.699238206762,0.699238206762,-0.0201862536695,H,H,1.39,0.39,0.41
1306,SP1,2013-05-13,0.114919416235,0.198020099411,0.687060484354,0.687060484354,-0.012240214947,H,D,1.43,-1.0,-1.0
1307,SP1,2011-03-19,0.582758617295,0.228962401644,0.188278981061,0.582758617295,-0.0422413827046,A,A,1.6,0.6,
1308,SP1,2012-05-05,0.0230083301323,0.0618397966847,0.915151873183,0.915151873183,0.0222947303258,H,H,1.12,0.12,
1309,E2,2016-11-26,0.257551196623,0.292560894779,0.449887908598,0.449887908598,-0.0764278808758,H,D,1.9,-1.0,-1.0
1310,E0,2015-02-11,0.311341730923,0.290380361855,0.398277907223,0.398277907223,-0.0082261578181,H,H,2.46,1.46,1.48
1311,SC0,2012-01-28,0.307167670064,0.31834237904,0.374489950896,0.374489950896,-0.0739405423779,H,H,2.23,1.23,
1312,F1,2016-12-21,0.28964245371,0.295523778115,0.414833768175,0.414833768175,-0.0296106762699,H,H,2.25,1.25,1.29
1313,E2,2016-12-31,0.230296297627,0.260040589942,0.509663112431,0.509663112431,0.00461260738064,H,H,1.98,0.98,1.06
1314,E2,2014-11-22,0.233895534333,0.257975380827,0.50812908484,0.50812908484,-0.00469142798005,H,A,1.95,-1.0,-1.0
1315,D1,2011-04-02,0.342932000273,0.267732078664,0.389335921063,0.389335921063,-0.00436486633854,H,D,2.54,-1.0,-1.0
1316,E1,2015-02-18,0.445362817769,0.288525314559,0.266111867672,0.445362817769,-0.0400740754351,A,D,2.06,-1.0,-1.0
1317,I1,2010-04-03,0.512916666665,0.267743633545,0.219339699791,0.512916666665,-0.0520550847478,A,A,1.77,0.77,
1318,E2,2015-01-20,0.171901353721,0.266089526879,0.562009119399,0.562009119399,-0.0709022730056,H,D,1.58,-1.0,-1.0
1319,E2,2013-02-22,0.264379118403,0.293372199383,0.442248682214,0.442248682214,-0.0653655309839,H,H,1.97,0.97,1.02
1320,E1,2010-02-27,0.143635070647,0.255373592365,0.600991336989,0.600991336989,-0.0359513381706,H,H,1.57,0.57,
1321,F1,2012-01-14,0.189479046678,0.283067916,0.527453037322,0.527453037322,-0.0250331505235,H,H,1.81,0.81,
1322,SP1,2014-02-08,0.118614996077,0.205331879333,0.67605312459,0.67605312459,-0.00421898425377,H,H,1.47,0.47,0.51
1323,I1,2014-12-01,0.431146810039,0.295782865548,0.273070324413,0.431146810039,-0.0275687862914,A,D,2.18,-1.0,-1.0
1324,D1,2016-02-14,0.821134641369,0.119296389452,0.0595689691791,0.821134641369,0.0211346413693,A,A,1.25,0.25,0.26
1325,F1,2010-04-17,0.254536621284,0.30524648268,0.440216896035,0.440216896035,-0.0475879820135,H,D,2.05,-1.0,-1.0
1326,F1,2012-02-25,0.25701729392,0.280160021598,0.462822684483,0.462822684483,-0.00887542872492,H,H,2.12,1.12,
1327,SP1,2010-02-28,0.321345974225,0.308783192828,0.369870832947,0.369870832947,-0.0611636498114,H,H,2.32,1.32,
1328,F1,2011-02-06,0.444382809187,0.303743441642,0.251873749171,0.444382809187,-0.0318076670034,A,D,2.1,-1.0,-1.0
1329,I1,2013-05-12,0.164776157668,0.232226644099,0.602997198233,0.602997198233,-0.00306340782749,H,D,1.65,-1.0,-1.0
1330,E1,2017-01-28,0.37374339876,0.245358983812,0.380897617428,0.380897617428,0.0312472677775,H,A,2.86,-1.0,-1.0
1331,F1,2012-04-21,0.228626228088,0.287579018391,0.483794753521,0.483794753521,-0.00881608391751,H,H,2.03,1.03,
1332,SC0,2017-05-06,0.0357629267533,0.134076047466,0.830161025781,0.830161025781,-0.010175108673,H,H,1.19,0.19,0.22
1333,SC0,2010-02-02,0.71422707831,0.178183531167,0.107589390523,0.71422707831,-0.0265136624307,A,H,1.35,-1.0,-1.0
1334,E1,2012-02-25,0.160652717696,0.258601730001,0.580745552303,0.580745552303,-0.0442544476972,H,A,1.6,-1.0,-1.0
1335,E0,2016-01-02,0.329562928963,0.291715769902,0.378721301134,0.378721301134,0.0137577974848,H,H,2.74,1.74,1.81
1336,D1,2014-03-29,0.27361918923,0.272444553252,0.453936257518,0.453936257518,-0.0133534621083,H,H,2.14,1.14,1.16
1337,E1,2013-03-05,0.212469012765,0.265880406463,0.521650580772,0.521650580772,-0.0370086371053,H,H,1.79,0.79,0.78
1338,E2,2017-03-11,0.272557033285,0.255224974487,0.472217992228,0.472217992228,-0.00397248396217,H,A,2.1,-1.0,-1.0
1339,SP1,2016-04-24,0.400487514898,0.278356170904,0.321156314198,0.400487514898,-0.0342950937977,A,D,2.3,-1.0,-1.0
1340,I1,2017-04-09,0.395433499153,0.292184106203,0.312382394644,0.395433499153,-0.0195042601831,A,D,2.41,-1.0,-1.0
1341,I1,2017-04-30,0.193170735929,0.197263704039,0.609565560031,0.609565560031,-0.0154344399687,H,H,1.6,0.6,0.6
1342,E0,2017-02-25,0.255951602309,0.298486978745,0.445561418945,0.445561418945,-0.0174015440176,H,D,2.16,-1.0,-1.0
1343,E1,2015-12-05,0.223811176757,0.267112407471,0.509076415772,0.509076415772,-0.0434097720733,H,H,1.81,0.81,0.85
1344,I1,2014-03-16,0.29418378208,0.320507220062,0.385308997858,0.385308997858,-0.0591354465864,H,H,2.25,1.25,1.35
1345,E1,2011-03-12,0.213434444247,0.245102981641,0.541462574112,0.541462574112,-0.00798797533855,H,D,1.82,-1.0,-1.0
1346,D1,2012-03-03,0.264712478571,0.281520291759,0.453767229671,0.453767229671,-0.0487453331435,H,A,1.99,-1.0,-1.0
1347,D1,2010-02-13,0.0898147793542,0.182291567124,0.727893653522,0.727893653522,-0.0128470872188,H,H,1.35,0.35,
1348,SP1,2016-05-14,0.110696843189,0.148678074544,0.740625082267,0.740625082267,-0.0001156584742,H,H,1.35,0.35,0.37
1349,E1,2012-04-21,0.384982762494,0.287751814974,0.327265422533,0.384982762494,-0.0497998462021,A,D,2.3,-1.0,-1.0
1350,F1,2013-02-16,0.330504851848,0.317094881905,0.352400266247,0.352400266247,-0.0444251305781,H,D,2.52,-1.0,-1.0
1351,E0,2017-01-31,0.0424105902249,0.119233861108,0.838355548668,0.838355548668,0.0253474185863,H,A,1.23,-1.0,-1.0
1352,SC0,2011-12-03,0.309319340513,0.298171660025,0.392508999462,0.392508999462,-0.0620364550838,H,H,2.2,1.2,
1353,E2,2012-11-17,0.266790706246,0.278703971814,0.45450532194,0.45450532194,-0.0356907564915,H,A,2.04,-1.0,-1.0
1354,I1,2014-05-06,0.212212291159,0.265728480636,0.522059228205,0.522059228205,-0.0661760659131,H,A,1.7,-1.0,-1.0
1355,D1,2013-05-11,0.107604598691,0.168224109783,0.724171291526,0.724171291526,-0.0111228261213,H,A,1.36,-1.0,-1.0
1356,E2,2013-02-05,0.360873185939,0.291681738932,0.347445075129,0.360873185939,-0.0122611424193,A,H,2.68,-1.0,-1.0
1357,SC0,2017-03-11,0.176211721514,0.225383979792,0.598404298694,0.598404298694,-0.0150926338212,H,H,1.63,0.63,0.64
1358,SP1,2013-03-17,0.0942787353421,0.196144438912,0.709576825746,0.709576825746,-0.0047088885396,H,H,1.4,0.4,0.41
1359,E2,2011-03-12,0.284479164855,0.275596439835,0.43992439531,0.43992439531,-0.0251918837597,H,A,2.15,-1.0,-1.0
1360,E1,2016-12-30,0.350022760798,0.309064469761,0.34091276944,0.350022760798,-0.0162776055019,A,H,2.73,-1.0,-1.0
1361,F1,2016-11-30,0.427865742292,0.286726184057,0.285408073651,0.427865742292,-0.0372505367779,A,A,2.15,1.15,1.15
1362,E2,2014-11-29,0.334366678243,0.293958654369,0.371674667388,0.371674667388,-0.0398479663568,H,H,2.43,1.43,1.51
1363,F1,2011-11-19,0.345284699928,0.331177589386,0.323537710686,0.345284699928,-0.0196788037216,A,H,2.74,-1.0,-1.0
1364,SP1,2017-05-06,0.954166418637,0.0268445954276,0.0189889859351,0.954166418637,0.0613092757802,A,A,1.12,0.12,0.12
1365,D1,2016-04-24,0.355053585333,0.265252585458,0.379693829209,0.379693829209,0.0250839001314,H,H,2.82,1.82,1.88
1366,E0,2011-01-05,0.337536453627,0.272574922641,0.389888623732,0.389888623732,0.013948774108,H,H,2.66,1.66,
1367,E0,2016-01-23,0.435718504115,0.289277760794,0.275003735091,0.435718504115,-0.0229970922152,A,A,2.18,1.18,1.22
1368,E2,2013-02-02,0.417291608192,0.270487772361,0.312220619447,0.417291608192,-0.0499981114344,A,A,2.14,1.14,1.16
1369,E2,2014-12-28,0.23487522068,0.279037950773,0.486086828547,0.486086828547,-0.0430137005536,H,H,1.89,0.89,0.94
1370,D1,2014-04-06,0.33691609975,0.270302493342,0.392781406908,0.392781406908,0.000624544162934,H,H,2.55,1.55,1.59
1371,E1,2016-01-26,0.265863872143,0.275156653884,0.458979473973,0.458979473973,-0.0288254040755,H,D,2.05,-1.0,-1.0
1372,E2,2011-12-10,0.338823778046,0.289996427698,0.371179794256,0.371179794256,-0.0489882729713,H,D,2.38,-1.0,-1.0
1373,I1,2017-03-12,0.407947766451,0.280366052047,0.311686181502,0.407947766451,-0.0122203007759,A,A,2.38,1.38,1.4
1374,F1,2011-11-20,0.258883389847,0.295664244119,0.445452366034,0.445452366034,-0.00909308851156,H,H,2.2,1.2,
1375,F1,2015-02-20,0.384562798121,0.31735338476,0.298083817119,0.384562798121,-0.0338472437202,A,A,2.39,1.39,1.42
1376,SP1,2017-02-25,0.453387444126,0.277096568613,0.269515987262,0.453387444126,-0.0320494490782,A,A,2.06,1.06,1.1
1377,E2,2014-02-01,0.339349398515,0.274507755182,0.386142846303,0.386142846303,-0.0170829601484,H,H,2.48,1.48,1.5
1378,E1,2016-12-10,0.114712178579,0.206279215983,0.679008605438,0.679008605438,-0.0106465669759,H,H,1.45,0.45,0.45
1379,D1,2013-11-30,0.592505633602,0.202571712788,0.20492265361,0.592505633602,-0.0404057588026,A,A,1.58,0.58,0.6
1380,D1,2010-11-13,0.3086818662,0.265681824991,0.425636308809,0.425636308809,-0.0148923255524,H,D,2.27,-1.0,-1.0
1381,F1,2015-01-25,0.285210131348,0.271558363437,0.443231505215,0.443231505215,0.00844889651901,H,D,2.3,-1.0,-1.0
1382,F1,2013-01-26,0.101443006818,0.243597345057,0.654959648125,0.654959648125,-0.0253124607186,H,H,1.47,0.47,0.48
1383,E1,2012-02-25,0.167122921092,0.246521071725,0.586356007182,0.586356007182,-0.0271409253329,H,D,1.63,-1.0,-1.0
1384,E1,2014-03-22,0.418765404551,0.287949511952,0.293285083497,0.418765404551,-0.0316850458998,A,A,2.22,1.22,1.25
1385,D1,2015-05-23,0.339567843497,0.251615038183,0.40881711832,0.40881711832,-0.0203674310366,H,H,2.33,1.33,1.41
1386,E2,2012-03-06,0.443428767055,0.284282152706,0.272289080239,0.443428767055,-0.0420081261493,A,H,2.06,-1.0,-1.0
1387,D1,2016-05-07,0.353512867251,0.264881296488,0.38160583626,0.38160583626,0.0070740010545,H,A,2.67,-1.0,-1.0
1388,I1,2009-12-20,0.160640872188,0.267879210619,0.571479917193,0.571479917193,-0.0420170153222,H,H,1.63,0.63,
1389,E2,2014-12-26,0.16447487087,0.2467664643,0.58875866483,0.58875866483,-0.0323593475922,H,H,1.61,0.61,0.63
1390,E1,2010-01-10,0.264137627562,0.303937425362,0.431924947076,0.431924947076,-0.0655874907353,H,D,2.01,-1.0,-1.0
1391,E1,2011-02-22,0.247372910036,0.287258273327,0.465368816637,0.465368816637,-0.0346311833631,H,H,2.0,1.0,
1392,F1,2017-02-07,0.528901299814,0.247423100253,0.223675599933,0.528901299814,-0.0392805183679,A,A,1.76,0.76,0.76
1393,I1,2014-03-02,0.459626717769,0.29279467768,0.247578604551,0.459626717769,-0.0305693606625,A,A,2.04,1.04,1.03
1394,E1,2013-04-27,0.400698948175,0.283187904445,0.31611314738,0.400698948175,-0.0303355345832,A,H,2.32,-1.0,-1.0
1395,SP1,2016-11-04,0.168082907562,0.262179817735,0.569737274703,0.569737274703,-0.015058046934,H,H,1.71,0.71,0.71
1396,SP1,2016-04-20,0.855518099335,0.0699520744132,0.0745298262515,0.855518099335,0.0290718183436,A,A,1.21,0.21,0.21
1397,F1,2012-03-11,0.140448224243,0.277441278893,0.582110496864,0.582110496864,-0.0548321782954,H,D,1.57,-1.0,-1.0
1398,E2,2012-04-07,0.235737856151,0.271414668053,0.492847475796,0.492847475796,-0.0307127336276,H,H,1.91,0.91,
1399,D1,2011-04-24,0.178853634816,0.225537248623,0.595609116561,0.595609116561,-0.0104514894997,H,H,1.65,0.65,
1400,SP1,2016-03-02,0.282960585971,0.301545695626,0.415493718403,0.415493718403,-0.045335774685,H,D,2.17,-1.0,-1.0
1401,E2,2012-02-28,0.469867560444,0.280604746176,0.24952769338,0.469867560444,-0.0536926489801,A,A,1.91,0.91,
1402,E0,2010-11-07,0.451709111274,0.299490340093,0.248800548633,0.451709111274,-0.0384869671575,A,H,2.04,-1.0,-1.0
1403,E1,2017-02-04,0.462306898473,0.273246159421,0.264446942106,0.462306898473,-0.0278891799588,A,H,2.04,-1.0,-1.0
1404,E2,2010-01-16,0.349895303769,0.26390202615,0.386202670081,0.386202670081,0.000102283980622,H,A,2.59,-1.0,-1.0
1405,F1,2013-12-07,0.270108385184,0.278017945491,0.451873669325,0.451873669325,0.0113450349638,H,D,2.27,-1.0,-1.0
1406,D1,2015-03-07,0.840606920171,0.10143975807,0.0579533217594,0.840606920171,0.0275987900895,A,A,1.23,0.23,0.24
1407,E1,2015-04-03,0.342246618111,0.293710610139,0.364042771751,0.364042771751,-0.0391830347009,H,H,2.48,1.48,1.5
1408,E1,2010-03-06,0.336127890736,0.273176234041,0.390695875223,0.390695875223,7.08752227642e-05,H,A,2.56,-1.0,-1.0
1409,E2,2014-02-22,0.366113223093,0.280835320408,0.353051456499,0.366113223093,-0.032293151409,A,H,2.51,-1.0,-1.0
1410,SP1,2016-03-06,0.150167126943,0.225970740692,0.623862132366,0.623862132366,-0.00904926003952,H,D,1.58,-1.0,-1.0
1411,F1,2015-04-04,0.228490654695,0.270696234551,0.500813110754,0.500813110754,-0.00169945206046,H,A,1.99,-1.0,-1.0
1412,E1,2015-03-03,0.346828179863,0.269029164419,0.384142655718,0.384142655718,0.0191791520687,H,H,2.74,1.74,1.78
1413,F1,2012-11-25,0.33181240324,0.311856309296,0.356331287464,0.356331287464,-0.0404941093619,H,H,2.52,1.52,1.63
1414,F1,2012-12-01,0.106451863126,0.213655806057,0.679892330817,0.679892330817,-0.0243330212957,H,D,1.42,-1.0,-1.0
1415,E0,2017-01-03,0.223097958078,0.277379620229,0.499522421694,0.499522421694,-0.0323924719234,H,H,1.88,0.88,0.89
1416,E2,2011-03-01,0.262791863584,0.281143186777,0.456064949639,0.456064949639,-0.0620697653866,H,D,1.93,-1.0,-1.0
1417,I1,2015-05-24,0.27082822124,0.273892651641,0.455279127119,0.455279127119,-0.0447208728808,H,A,2.0,-1.0,-1.0
1418,D1,2012-11-30,0.380948803818,0.266165522562,0.35288567362,0.380948803818,-0.0339889555182,A,H,2.41,-1.0,-1.0
1419,D1,2011-03-19,0.290824262962,0.251711704991,0.457464032047,0.457464032047,0.00903353877383,H,H,2.23,1.23,
1420,I1,2011-02-27,0.134030883977,0.246468969178,0.619500146845,0.619500146845,-0.0256611434771,H,D,1.55,-1.0,-1.0
1421,E0,2011-05-15,0.0930491693367,0.168777994181,0.738172836482,0.738172836482,0.00287871883498,H,A,1.36,-1.0,-1.0
1422,SP1,2015-01-03,0.173264014954,0.232881171277,0.593854813769,0.593854813769,-0.00855482478517,H,H,1.66,0.66,0.67
1423,E2,2013-11-30,0.22253844428,0.257579128467,0.519882427253,0.519882427253,-0.0206581132877,H,D,1.85,-1.0,-1.0
1424,SP1,2011-12-07,0.282861953525,0.28642568763,0.430712358845,0.430712358845,-0.0157162125837,H,D,2.24,-1.0,-1.0
1425,E2,2017-04-22,0.487273549155,0.253497215848,0.259229234996,0.487273549155,-0.0503608594468,A,A,1.86,0.86,0.89
1426,SC0,2017-05-20,0.206156669053,0.258138366397,0.53570496455,0.53570496455,-0.0357236068785,H,H,1.75,0.75,0.76
1427,E1,2011-04-16,0.191804084956,0.265187587753,0.543008327291,0.543008327291,-0.0284202441372,H,H,1.75,0.75,
1428,SC0,2011-03-19,0.291593982262,0.264264180386,0.444141837352,0.444141837352,-0.000302607092689,H,H,2.25,1.25,
1429,E0,2014-11-22,0.16048607683,0.246481646086,0.593032277084,0.593032277084,0.00131630075275,H,A,1.69,-1.0,-1.0
1430,E1,2011-04-09,0.214681260198,0.284477307676,0.500841432126,0.500841432126,-0.051644755719,H,H,1.81,0.81,
1431,SC0,2017-02-15,0.109618115187,0.172305219113,0.7180766657,0.7180766657,-0.0118503415992,H,H,1.37,0.37,0.39
1432,F1,2011-05-21,0.241696344013,0.301712837018,0.456590818969,0.456590818969,-0.061543896057,H,H,1.93,0.93,
1433,E1,2014-03-08,0.227665708406,0.27074647721,0.501587814385,0.501587814385,-0.0112326984359,H,D,1.95,-1.0,-1.0
1434,F1,2015-01-25,0.329702987575,0.294327874104,0.375969138321,0.375969138321,-0.0177316490807,H,H,2.54,1.54,1.62
1435,E2,2015-11-21,0.367146586301,0.287664375342,0.345189038358,0.367146586301,-0.0296788105247,A,A,2.52,1.52,1.65
1436,SP1,2012-05-13,0.0674228637225,0.0899968655028,0.842580270775,0.842580270775,0.00924693744142,H,H,1.2,0.2,
1437,SP1,2013-03-31,0.274519517149,0.289394492286,0.436085990565,0.436085990565,-0.0312037290616,H,A,2.14,-1.0,-1.0
1438,E2,2015-03-03,0.219744480885,0.266416468519,0.513839050596,0.513839050596,-0.0417165049594,H,H,1.8,0.8,0.84
1439,E0,2012-03-31,0.322473358459,0.266677182232,0.41084945931,0.41084945931,0.0262340746942,H,H,2.6,1.6,
1440,E1,2012-03-20,0.36139016248,0.276841515529,0.361768321991,0.361768321991,0.00075749166659,H,A,2.77,-1.0,-1.0
1441,I1,2011-02-06,0.0466827567655,0.199007706204,0.75430953703,0.75430953703,-0.0269404629697,H,H,1.28,0.28,
1442,E1,2010-02-27,0.275556399895,0.298549688964,0.42589391114,0.42589391114,-0.0502965650502,H,D,2.1,-1.0,-1.0
1443,I1,2013-12-15,0.0182098425318,0.134910882872,0.846879274596,0.846879274596,-0.000578352522641,H,H,1.18,0.18,
1444,D1,2015-04-25,0.0847275155223,0.156598301556,0.758674182922,0.758674182922,0.0010984253462,H,H,1.32,0.32,0.33
1445,E0,2010-11-10,0.219116730883,0.256502667715,0.524380601402,0.524380601402,0.00891668387624,H,A,1.94,-1.0,-1.0
1446,F1,2014-01-11,0.288086731141,0.319083478771,0.392829790088,0.392829790088,-0.0637912144784,H,D,2.19,-1.0,-1.0
1447,D1,2016-03-01,0.313901762578,0.326161522021,0.3599367154,0.3599367154,-0.0353202015956,H,D,2.53,-1.0,-1.0
1448,I1,2015-04-25,0.383321384629,0.290925669556,0.325752945815,0.383321384629,-0.0368466825975,A,H,2.38,-1.0,-1.0
1449,I1,2015-12-14,0.125049171772,0.22190806419,0.653042764038,0.653042764038,-0.0180981755592,H,D,1.49,-1.0,-1.0
1450,I1,2016-01-10,0.28483937459,0.3005095818,0.41465104361,0.41465104361,-0.0220301790979,H,A,2.29,-1.0,-1.0
1451,E0,2010-02-28,0.277506532758,0.283506124132,0.438987343109,0.438987343109,-0.0218421499781,H,D,2.17,-1.0,-1.0
1452,SP1,2009-11-01,0.223351577231,0.269786945262,0.506861477507,0.506861477507,-0.0250534161105,H,D,1.88,-1.0,-1.0
1453,D1,2016-03-02,0.692891124659,0.167644559109,0.139464316232,0.692891124659,-0.0213945896263,A,A,1.4,0.4,0.43
1454,E2,2012-03-20,0.39360799731,0.290806195605,0.315585807085,0.39360799731,-0.0337424300405,A,D,2.34,-1.0,-1.0
1455,E2,2016-01-23,0.31618558071,0.277164986374,0.406649432916,0.406649432916,-0.0520661634144,H,H,2.18,1.18,1.24
1456,E1,2015-02-28,0.487330367331,0.263311186131,0.249358446538,0.487330367331,-0.0308043476948,A,H,1.93,-1.0,-1.0
1457,E1,2011-12-17,0.310514264752,0.280460918245,0.409024817003,0.409024817003,-0.0518046760847,H,H,2.17,1.17,
1458,SC0,2011-04-06,0.346688455115,0.300781821294,0.352529723591,0.352529723591,-0.0427271934055,H,H,2.53,1.53,
1459,E1,2014-03-22,0.401698637311,0.299404224543,0.298897138145,0.401698637311,-0.03882999705,A,A,2.27,1.27,1.33
1460,D1,2016-12-11,0.190169625272,0.228440979521,0.581389395207,0.581389395207,-0.00340592643083,H,H,1.71,0.71,0.74
1461,E2,2015-11-21,0.340127257347,0.27670213155,0.383170611103,0.383170611103,-0.0152357633993,H,H,2.51,1.51,1.65
1462,I1,2017-03-19,0.622554750796,0.227570058193,0.149875191012,0.622554750796,-0.0310400204462,A,A,1.53,0.53,0.53
1463,E2,2015-02-18,0.358766398313,0.299852681215,0.341380920473,0.358766398313,-0.0200214804752,A,A,2.64,1.64,1.74
1464,E2,2017-04-08,0.456094376836,0.272143704626,0.271761918538,0.456094376836,-0.034101701595,A,A,2.04,1.04,1.09
1465,E1,2010-03-27,0.340376333089,0.247304053862,0.41231961305,0.41231961305,0.0377877778436,H,D,2.67,-1.0,-1.0
1466,SP1,2012-02-18,0.0120603641978,0.0245586369743,0.963380998828,0.963380998828,0.037455072902,H,H,1.08,0.08,
1467,F1,2013-12-22,0.246393893715,0.302001835281,0.451604271004,0.451604271004,-0.048395728996,H,D,2.0,-1.0,-1.0
1468,E2,2013-11-16,0.444763786455,0.288950085176,0.266286128369,0.444763786455,-0.043041091594,A,A,2.05,1.05,1.11
1469,E1,2013-12-14,0.333266265968,0.292845675533,0.373888058499,0.373888058499,-0.0480528697711,H,A,2.37,-1.0,-1.0
1470,E1,2015-04-06,0.280650132139,0.276155260377,0.443194607484,0.443194607484,-0.0329958687062,H,A,2.1,-1.0,-1.0
1471,SC0,2015-12-26,0.1430520048,0.237697544215,0.619250450985,0.619250450985,-0.0301001983657,H,D,1.54,-1.0,-1.0
1472,SC0,2010-11-13,0.386539980712,0.298529505109,0.31493051418,0.386539980712,-0.0301266859547,A,A,2.4,1.4,
1473,E1,2013-02-23,0.27495774016,0.263083496903,0.461958762937,0.461958762937,-0.0282373154942,H,A,2.04,-1.0,-1.0
1474,E1,2013-12-01,0.297651204304,0.278715154767,0.423633640928,0.423633640928,-0.0288550468545,H,A,2.21,-1.0,-1.0
1475,I1,2016-12-22,0.287251490171,0.293059492615,0.419689017215,0.419689017215,-0.0411404758726,H,D,2.17,-1.0,-1.0
1476,I1,2015-01-06,0.217377903313,0.2992443465,0.483377750187,0.483377750187,-0.0374555831463,H,D,1.92,-1.0,-1.0
1477,E1,2017-03-07,0.263817453093,0.267586447078,0.468596099829,0.468596099829,-0.0215999786028,H,H,2.04,1.04,1.05
1478,SC0,2011-12-18,0.627653719536,0.226949323812,0.145396956652,0.627653719536,-0.0434872200612,A,A,1.49,0.49,
1479,F1,2011-12-20,0.479506373755,0.289640399829,0.230853226416,0.479506373755,-0.0440538356689,A,A,1.91,0.91,
1480,I1,2012-05-13,0.0607167703559,0.161912303762,0.777370925882,0.777370925882,-0.0100306489209,H,H,1.27,0.27,
1481,E1,2015-11-27,0.28488429319,0.285133674645,0.429982032165,0.429982032165,-0.00480057653066,H,A,2.3,-1.0,-1.0
1482,SP1,2012-11-11,0.338510281889,0.28119125766,0.380298460451,0.380298460451,-0.0213079652517,H,H,2.49,1.49,1.65
1483,SC0,2013-02-19,0.634849591791,0.211109154635,0.154041253574,0.634849591791,-0.0454225170528,A,D,1.47,-1.0,-1.0
1484,D1,2017-03-11,0.00570852400171,0.0527638162902,0.941527659708,0.941527659708,0.048670516851,H,H,1.12,0.12,0.13
1485,F1,2012-04-21,0.313781616939,0.289275377306,0.396943005755,0.396943005755,0.00324221835354,H,A,2.54,-1.0,-1.0
1486,E0,2011-04-02,0.397829889283,0.297136715929,0.305033394788,0.397829889283,-0.0277020256106,A,D,2.35,-1.0,-1.0
1487,F1,2012-01-15,0.260756298636,0.279530965905,0.459712735459,0.459712735459,0.000997139128678,H,H,2.18,1.18,
1488,E2,2013-01-26,0.354136799592,0.287159498666,0.358703701742,0.358703701742,-0.0244380607099,H,H,2.61,1.61,1.73
1489,D1,2012-03-17,0.272529745366,0.279899468622,0.447570786012,0.447570786012,-0.0331984447571,H,A,2.08,-1.0,-1.0
1490,D1,2016-12-03,0.324154192969,0.278232750961,0.39761305607,0.39761305607,-0.0173247032664,H,H,2.41,1.41,1.45
1491,SP1,2016-04-02,0.322668574658,0.287824702577,0.389506722765,0.389506722765,-0.030661344462,H,H,2.38,1.38,1.45
1492,E2,2012-02-25,0.256704814132,0.282892881655,0.460402304213,0.460402304213,-0.0421102586014,H,H,1.99,0.99,
1493,E1,2015-11-28,0.198458534045,0.285290643215,0.516250822739,0.516250822739,-0.0584618209391,H,H,1.74,0.74,0.79
1494,E0,2014-04-16,0.0885405103014,0.197990659642,0.713468830056,0.713468830056,-0.00081688422933,H,A,1.4,-1.0,-1.0
1495,I1,2009-11-08,0.25303987175,0.287731016125,0.459229112124,0.459229112124,-0.0238626753154,H,H,2.07,1.07,
1496,E1,2010-01-30,0.226704891385,0.289667401651,0.483627706965,0.483627706965,-0.0540067016376,H,D,1.86,-1.0,-1.0
1497,I1,2009-12-13,0.214051490198,0.29441440019,0.491534109613,0.491534109613,-0.0375664194879,H,A,1.89,-1.0,-1.0
1498,E0,2016-01-17,0.297623893591,0.28859021943,0.413785886979,0.413785886979,-0.0228953357287,H,A,2.29,-1.0,-1.0
1499,E0,2011-03-19,0.221785141044,0.265033545366,0.513181313589,0.513181313589,0.0156688757785,H,H,2.01,1.01,
1500,SP1,2012-03-31,0.294917761954,0.297581817124,0.407500420921,0.407500420921,-0.0491205836447,H,A,2.19,-1.0,-1.0
1501,E2,2015-12-26,0.374246236887,0.285193857279,0.340559905834,0.374246236887,-0.0241601376148,A,D,2.51,-1.0,-1.0
1502,D1,2012-05-05,0.33146986207,0.258255034075,0.410275103855,0.410275103855,-0.00639156281188,H,H,2.4,1.4,
1503,D1,2011-04-16,0.24782430338,0.232588129719,0.5195875669,0.5195875669,0.0119733537021,H,D,1.97,-1.0,-1.0
1504,SP1,2016-11-06,0.314723872622,0.268524508437,0.416751618941,0.416751618941,-0.0257262571655,H,H,2.26,1.26,1.28
1505,F1,2017-01-22,0.190001593293,0.244289019426,0.565709387281,0.565709387281,-0.0190859343563,H,H,1.71,0.71,0.69
1506,E2,2012-04-14,0.282643582196,0.274988927119,0.442367490685,0.442367490685,-0.0338229855057,H,H,2.1,1.1,
1507,SP1,2014-01-12,0.339571417252,0.301935614673,0.358492968075,0.358492968075,-0.0336638946701,H,H,2.55,1.55,1.66
1508,E1,2016-11-18,0.201799813666,0.277789925059,0.520410261275,0.520410261275,-0.0031499481486,H,D,1.91,-1.0,-1.0
1509,F1,2010-03-13,0.197132078216,0.302929744068,0.499938177716,0.499938177716,-0.0682436404658,H,H,1.76,0.76,
1510,E2,2010-04-13,0.466440299917,0.254995707139,0.278563992944,0.466440299917,-0.0626602291832,A,A,1.89,0.89,
1511,SC0,2012-04-07,0.253031258122,0.283574067476,0.463394674402,0.463394674402,-0.0520692431234,H,D,1.94,-1.0,-1.0
1512,I1,2014-03-29,0.0989420863067,0.212228581247,0.688829332446,0.688829332446,-0.0104713668547,H,H,1.43,0.43,0.47
1513,E2,2017-01-21,0.279682690823,0.233897974667,0.486419334511,0.486419334511,0.0147212213034,H,A,2.12,-1.0,-1.0
1514,SC0,2011-01-02,0.362559472292,0.303535985246,0.333904542462,0.362559472292,-0.0147990182739,A,H,2.65,-1.0,-1.0
1515,F1,2010-02-28,0.354841339112,0.336486315299,0.308672345589,0.354841339112,-0.0283004233404,A,A,2.61,1.61,
1516,D1,2016-11-06,0.168155553382,0.200033082908,0.63181136371,0.63181136371,0.00288054610015,H,H,1.59,0.59,0.61
1517,E2,2011-12-17,0.341420336565,0.283831017964,0.374748645472,0.374748645472,-0.0419180211948,H,D,2.4,-1.0,-1.0
1518,E1,2017-02-18,0.450316628278,0.24906245774,0.300620913982,0.450316628278,-0.0447328766723,A,A,2.02,1.02,1.02
1519,I1,2017-01-22,0.379823056176,0.29579941093,0.324377532894,0.379823056176,-0.0234027502756,A,H,2.48,-1.0,-1.0
1520,E2,2015-11-14,0.325441602059,0.269656643855,0.404901754086,0.404901754086,0.0188013679858,H,A,2.59,-1.0,-1.0
1521,E2,2017-04-22,0.414372925674,0.270991148372,0.314635925954,0.414372925674,-0.0320556457543,A,D,2.24,-1.0,-1.0
1522,SP1,2013-12-21,0.238642835865,0.283517368511,0.477839795624,0.477839795624,-0.0597946129784,H,A,1.86,-1.0,-1.0
1523,SP1,2010-03-28,0.28492354836,0.294880848097,0.420195603543,0.420195603543,-0.0364254010228,H,H,2.19,1.19,
1524,E2,2011-01-22,0.353632540932,0.283275099535,0.363092359532,0.363092359532,-0.02004940292,H,A,2.61,-1.0,-1.0
1525,E0,2011-01-15,0.199958954643,0.247657771727,0.55238327363,0.55238327363,-0.00941447917941,H,H,1.78,0.78,
1526,E1,2012-04-21,0.259757344984,0.261352113889,0.478890541127,0.478890541127,-0.00654635207654,H,A,2.06,-1.0,-1.0
1527,E0,2015-02-21,0.466214612401,0.276641891848,0.257143495751,0.466214612401,-0.033785387599,A,H,2.0,-1.0,-1.0
1528,E0,2015-05-02,0.238022950525,0.261268005814,0.500709043661,0.500709043661,-0.0147548738645,H,H,1.94,0.94,0.97
1529,E1,2016-11-05,0.372464152985,0.294389864279,0.333145982737,0.372464152985,-0.0356991123215,A,A,2.45,1.45,1.45
1530,F1,2016-04-30,0.0699432961015,0.163026446491,0.767030257408,0.767030257408,-0.00220051182282,H,H,1.3,0.3,0.31
1531,I1,2016-02-21,0.0706617563913,0.183399395268,0.74593884834,0.74593884834,-0.0116369092353,H,H,1.32,0.32,0.34
1532,E0,2012-01-31,0.0649927901356,0.180229525307,0.754777684557,0.754777684557,-0.00858109406852,H,H,1.31,0.31,
1533,F1,2013-04-27,0.173185429803,0.269412411124,0.557402159073,0.557402159073,-0.0378359361646,H,D,1.68,-1.0,-1.0
1534,F1,2013-11-09,0.290591037025,0.280188271707,0.429220691268,0.429220691268,0.00905262404121,H,H,2.38,1.38,1.46
1535,E2,2012-11-24,0.399347636783,0.295017245982,0.305635117235,0.399347636783,-0.0354349719125,A,H,2.3,-1.0,-1.0
1536,F1,2017-02-19,0.099621867937,0.162673023048,0.737705109015,0.737705109015,0.00241099136792,H,H,1.36,0.36,0.36
1537,E0,2012-01-14,0.0940725660011,0.192012547801,0.713914886198,0.713914886198,-0.00550957423343,H,H,1.39,0.39,
1538,E1,2013-12-21,0.382599233184,0.296552506101,0.320848260715,0.382599233184,-0.0306239073115,A,D,2.42,-1.0,-1.0
1539,SP1,2011-11-05,0.387402491329,0.296662800844,0.315934707826,0.387402491329,-0.0327655758977,A,A,2.38,1.38,
1540,E0,2009-12-16,0.631389263555,0.230139790618,0.138470945827,0.631389263555,-0.0442864121202,A,D,1.48,-1.0,-1.0
1541,E1,2013-11-30,0.548303945476,0.271187899296,0.180508155229,0.548303945476,-0.0577566605848,A,H,1.65,-1.0,-1.0
1542,SP1,2010-01-10,0.312837488826,0.271499920778,0.415662590396,0.415662590396,0.00413995665098,H,H,2.43,1.43,
1543,D1,2013-11-23,0.428357890844,0.279131858633,0.292510250523,0.428357890844,-0.0324716022439,A,D,2.17,-1.0,-1.0
1544,E1,2010-05-02,0.238216965354,0.276228723505,0.485554311141,0.485554311141,-0.0492050471475,H,A,1.87,-1.0,-1.0
1545,SC0,2015-04-08,0.197813472279,0.260277822187,0.541908705534,0.541908705534,-0.0262731126478,H,H,1.76,0.76,0.83
1546,E1,2011-01-15,0.46079162345,0.277590293759,0.261618082791,0.46079162345,-0.0392083765495,A,D,2.0,-1.0,-1.0
1547,E1,2015-12-28,0.439713437276,0.294181274528,0.266105288196,0.439713437276,-0.0319846759314,A,H,2.12,-1.0,-1.0
1548,F1,2010-11-27,0.316986234074,0.343900299812,0.339113466113,0.343900299812,0.0171029141916,D,D,3.06,2.06,
1549,SP1,2012-11-09,0.20447883738,0.251566131245,0.543955031375,0.543955031375,-0.0307576123033,H,A,1.74,-1.0,-1.0
1550,E0,2017-02-13,0.676986279331,0.161743501668,0.161270219001,0.676986279331,-0.0126688930828,A,A,1.45,0.45,0.48
1551,E2,2013-02-02,0.393968340115,0.285278601849,0.320753058036,0.393968340115,-0.037066142644,A,H,2.32,-1.0,-1.0
1552,F1,2014-12-07,0.431006742026,0.281907108716,0.287086149258,0.431006742026,-0.0298227510619,A,A,2.17,1.17,1.17
1553,D1,2010-05-01,0.319537078382,0.268039479377,0.412423442241,0.412423442241,-0.00251431709531,H,D,2.41,-1.0,-1.0
1554,SP1,2010-11-27,0.171346019911,0.255433863158,0.573220116931,0.573220116931,-0.0365359806297,H,A,1.64,-1.0,-1.0
1555,SP1,2016-04-02,0.188660493314,0.167394129495,0.643945377191,0.643945377191,0.0150145595813,H,A,1.59,-1.0,-1.0
1556,F1,2013-12-21,0.165405646933,0.285857204413,0.548737148654,0.548737148654,-0.0465009465837,H,H,1.68,0.68,0.7
1557,E2,2017-02-28,0.27917693936,0.288522947576,0.432300113064,0.432300113064,-0.0285293800235,H,A,2.17,-1.0,-1.0
1558,SC0,2013-05-19,0.30421817014,0.300424369769,0.395357460091,0.395357460091,-0.0490869843535,H,H,2.25,1.25,1.35
1559,SP1,2011-01-03,0.216609864432,0.283226759463,0.500163376105,0.500163376105,-0.0523228117405,H,H,1.81,0.81,
1560,SP1,2010-01-03,0.261409281823,0.270058371119,0.468532347059,0.468532347059,-0.0289800907524,H,H,2.01,1.01,
1561,D1,2012-11-25,0.402075696824,0.25267515371,0.345249149466,0.402075696824,-0.0423687476201,A,A,2.25,1.25,1.31
1562,D1,2017-04-04,0.294551439615,0.29620190128,0.409246659105,0.409246659105,-0.0199378902509,H,H,2.33,1.33,1.42
1563,I1,2016-03-13,0.153301898834,0.277690452998,0.569007648168,0.569007648168,-0.0482763024496,H,H,1.62,0.62,0.67
1564,I1,2012-04-25,0.500099648206,0.258181235519,0.241719116275,0.500099648206,-0.0680821699754,A,H,1.76,-1.0,-1.0
1565,I1,2014-04-13,0.308701326296,0.310338141041,0.380960532663,0.380960532663,-0.035706134004,H,A,2.4,-1.0,-1.0
1566,E1,2013-12-21,0.311318076248,0.278126349692,0.410555574061,0.410555574061,-0.0149763408331,H,A,2.35,-1.0,-1.0
1567,SC0,2014-12-06,0.201322330042,0.251909478736,0.546768191221,0.546768191221,-0.0150295615878,H,H,1.78,0.78,0.81
1568,I1,2015-12-20,0.356550088366,0.292996747267,0.350453164367,0.356550088366,-0.0208084021999,A,D,2.65,-1.0,-1.0
1569,D1,2013-03-17,0.25280904187,0.275677674467,0.471513283663,0.471513283663,-0.0335372213874,H,A,1.98,-1.0,-1.0
1570,E2,2010-01-16,0.509676189867,0.2691312797,0.221192530433,0.509676189867,-0.0683584922141,A,A,1.73,0.73,
1571,E2,2015-05-03,0.347952182915,0.293078544558,0.358969272527,0.358969272527,-0.0426371531758,H,A,2.49,-1.0,-1.0
1572,F1,2011-02-19,0.237562330887,0.286833652979,0.475604016134,0.475604016134,-0.0194454888162,H,A,2.02,-1.0,-1.0
1573,E0,2015-02-28,0.262947195547,0.295687136098,0.441365668355,0.441365668355,-0.0348248078356,H,A,2.1,-1.0,-1.0
1574,E2,2015-03-21,0.141502361512,0.225942404082,0.632555234406,0.632555234406,-0.0431204412701,H,H,1.48,0.48,0.51
1575,SC0,2012-12-08,0.699389675067,0.197322281518,0.103288043416,0.699389675067,-0.0305373322327,A,A,1.37,0.37,0.4
1576,SP1,2014-03-22,0.0857740720098,0.186802025231,0.72742390276,0.72742390276,-0.00787021488741,H,H,1.36,0.36,0.37
1577,F1,2011-04-24,0.120955096998,0.23889348028,0.640151422721,0.640151422721,-0.0355242529542,H,D,1.48,-1.0,-1.0
1578,I1,2016-05-07,0.424914861649,0.26283755769,0.312247580661,0.424914861649,-0.0490187876406,A,A,2.11,1.11,1.17
1579,E2,2016-02-27,0.313060674924,0.263720279196,0.423219045881,0.423219045881,-0.0418972331891,H,D,2.15,-1.0,-1.0
1580,F1,2016-01-24,0.29166707828,0.308319816351,0.400013105369,0.400013105369,-0.0524755824135,H,D,2.21,-1.0,-1.0
1581,SP1,2014-03-10,0.141089304857,0.190595409314,0.668315285829,0.668315285829,-0.0119568230142,H,A,1.47,-1.0,-1.0
1582,E2,2010-11-02,0.207212368201,0.271930401867,0.520857229932,0.520857229932,-0.0538554137463,H,H,1.74,0.74,
1583,E2,2014-01-18,0.44575368856,0.284153943197,0.270092368243,0.44575368856,-0.0373380988799,A,A,2.07,1.07,1.13
1584,F1,2016-01-10,0.305347992798,0.299401518452,0.395250488749,0.395250488749,0.00614543038373,H,H,2.57,1.57,1.68
1585,F1,2015-05-02,0.337835150342,0.303860167091,0.358304682567,0.358304682567,-0.0369522344295,H,D,2.53,-1.0,-1.0
1586,I1,2012-03-11,0.353486748277,0.303056694001,0.343456557722,0.353486748277,-0.0386701144683,A,A,2.55,1.55,
1587,E0,2014-01-01,0.31340353478,0.272605285934,0.413991179287,0.413991179287,-0.00441886255421,H,H,2.39,1.39,1.43
1588,SC0,2013-02-13,0.219635212154,0.261314913347,0.5190498745,0.5190498745,-0.0273982129321,H,D,1.83,-1.0,-1.0
1589,SP1,2011-01-02,0.00437622495426,0.0123270116747,0.983296763371,0.983296763371,0.0399005369559,H,H,1.06,0.06,
1590,I1,2010-03-20,0.176269860853,0.26880820243,0.554921936717,0.554921936717,-0.0264734121202,H,H,1.72,0.72,
1591,D1,2014-01-31,0.779057588982,0.124391401002,0.0965510100162,0.779057588982,0.00982681975105,A,A,1.3,0.3,0.3
1592,I1,2017-03-18,0.173425335429,0.229878783821,0.59669588075,0.59669588075,0.00145778551181,H,H,1.68,0.68,0.7
1593,SP1,2011-12-18,0.141145318564,0.225812835249,0.633041846186,0.633041846186,-0.0163088031645,H,A,1.54,-1.0,-1.0
1594,F1,2015-05-16,0.221260622057,0.293478970876,0.485260407067,0.485260407067,-0.0797113443456,H,D,1.77,-1.0,-1.0
1595,I1,2015-12-13,0.163032464574,0.234212736477,0.602754798949,0.602754798949,-0.0222452010508,H,D,1.6,-1.0,-1.0
1596,SP1,2010-11-13,0.15490332943,0.240606707661,0.604489962909,0.604489962909,-0.0166280495136,H,H,1.61,0.61,
1597,E1,2013-12-29,0.465327665869,0.266173643127,0.268498691004,0.465327665869,-0.0555056674644,A,A,1.92,0.92,0.9
1598,E1,2017-02-11,0.23437097391,0.266844739755,0.498784286335,0.498784286335,-0.0275315031382,H,D,1.9,-1.0,-1.0
1599,E0,2016-11-26,0.387659220901,0.313720475711,0.298620303387,0.387659220901,-0.0123407790987,A,D,2.5,-1.0,-1.0
1600,E0,2012-12-15,0.0360196813024,0.114895656181,0.849084662516,0.849084662516,0.0157513291831,H,H,1.2,0.2,0.22
1601,D1,2014-02-01,0.296062349497,0.286355807857,0.417581842646,0.417581842646,-0.0750289947929,H,H,2.03,1.03,1.04
1602,F1,2013-12-14,0.245783179744,0.298140492705,0.456076327551,0.456076327551,-0.0270154598885,H,A,2.07,-1.0,-1.0
1603,SP1,2011-05-15,0.14863169111,0.211014930751,0.640353378139,0.640353378139,-0.0175413587032,H,D,1.52,-1.0,-1.0
1604,F1,2010-12-22,0.383440294238,0.32157651259,0.294983193172,0.383440294238,-0.051342314458,A,D,2.3,-1.0,-1.0
1605,F1,2016-02-03,0.278921656136,0.270239195368,0.450839148496,0.450839148496,-0.0099903445912,H,H,2.17,1.17,1.2
1606,I1,2011-12-04,0.306661448254,0.312605964628,0.380732587118,0.380732587118,-0.0376774547231,H,H,2.39,1.39,
1607,E2,2012-02-18,0.393824584343,0.292659579094,0.313515836563,0.393824584343,-0.0372098984161,A,H,2.32,-1.0,-1.0
1608,SP1,2017-02-11,0.76728572272,0.132090706173,0.100623571107,0.76728572272,0.00970996514441,A,A,1.32,0.32,0.32
1609,I1,2016-12-11,0.25157009059,0.293208944402,0.455220965009,0.455220965009,-0.0232479345129,H,D,2.09,-1.0,-1.0
1610,E1,2013-05-04,0.254163979814,0.264704351054,0.481131669132,0.481131669132,-0.0316888436885,H,H,1.95,0.95,0.95
1611,F1,2015-04-04,0.353077964715,0.308858699345,0.33806333594,0.353077964715,-0.014569094109,A,H,2.72,-1.0,-1.0
1612,I1,2012-11-25,0.244829261651,0.288957108613,0.466213629736,0.466213629736,-0.0168781577036,H,D,2.07,-1.0,-1.0
1613,F1,2010-02-06,0.41232966481,0.304510349267,0.283159985923,0.41232966481,-0.0506332981532,A,H,2.16,-1.0,-1.0
1614,D1,2017-03-11,0.32289295957,0.304863150071,0.37224389036,0.37224389036,-0.0245815064658,H,D,2.52,-1.0,-1.0
1615,E2,2010-04-17,0.357890921052,0.261785039694,0.380324039254,0.380324039254,-0.0118328234911,H,H,2.55,1.55,
1616,I1,2010-11-14,0.299494978803,0.302558656161,0.397946365036,0.397946365036,-0.046498079408,H,A,2.25,-1.0,-1.0
1617,D1,2015-02-07,0.16583799591,0.186460135228,0.647701868862,0.647701868862,0.010759193703,H,H,1.57,0.57,0.6
1618,SC0,2010-02-10,0.330538016867,0.296084796709,0.373377186424,0.373377186424,-0.0503516271356,H,A,2.36,-1.0,-1.0
1619,I1,2015-11-01,0.292891992626,0.294212278225,0.412895729149,0.412895729149,-0.0295821469573,H,D,2.26,-1.0,-1.0
1620,E2,2014-03-22,0.32300674775,0.28403025816,0.39296299409,0.39296299409,-0.0118953055056,H,H,2.47,1.47,1.5
1621,SP1,2010-01-31,0.147444850659,0.238484954956,0.614070194385,0.614070194385,-0.0148606232247,H,A,1.59,-1.0,-1.0
1622,F1,2011-03-05,0.269074684773,0.300610391608,0.430314923619,0.430314923619,-0.0413831895886,H,D,2.12,-1.0,-1.0
1623,I1,2012-03-25,0.138118360926,0.250166231071,0.611715408003,0.611715408003,-0.0293102330223,H,D,1.56,-1.0,-1.0
1624,E0,2010-03-20,0.0851458714066,0.210896325472,0.703957803121,0.703957803121,-0.0154666573105,H,D,1.39,-1.0,-1.0
1625,F1,2016-01-15,0.24597123695,0.316664729945,0.437364033105,0.437364033105,-0.038826443085,H,H,2.1,1.1,1.11
1626,SP1,2010-11-21,0.326503484302,0.298261552912,0.375234962785,0.375234962785,-0.0521154645652,H,H,2.34,1.34,
1627,E2,2014-02-01,0.1759137545,0.241477432593,0.582608812907,0.582608812907,-0.0234517931533,H,H,1.65,0.65,0.7
1628,E1,2011-11-20,0.180840069291,0.277636728558,0.541523202152,0.541523202152,-0.0572791930579,H,H,1.67,0.67,
1629,I1,2016-12-11,0.16574756962,0.228256508352,0.605995922028,0.605995922028,0.00719352681846,H,H,1.67,0.67,0.69
1630,D1,2010-11-06,0.296599461944,0.292553022867,0.410847515189,0.410847515189,-0.0478680811416,H,H,2.18,1.18,
1631,E1,2010-01-30,0.451848142573,0.284022176706,0.264129680721,0.451848142573,-0.0506644202413,A,H,1.99,-1.0,-1.0
1632,SC0,2012-11-24,0.363036480114,0.278205021938,0.358758497948,0.363036480114,-0.0306643072872,A,A,2.54,1.54,1.72
1633,E2,2010-04-02,0.516996624286,0.267221813194,0.215781562521,0.516996624286,-0.0643987245517,A,H,1.72,-1.0,-1.0
1634,SP1,2011-01-22,0.00988892234472,0.0117839302645,0.978327147391,0.978327147391,0.0349309209757,H,H,1.06,0.06,
1635,E1,2017-02-18,0.4042797761,0.285878209915,0.309842013985,0.4042797761,-0.0249047732565,A,A,2.33,1.33,1.37
1636,D1,2017-03-11,0.565729406177,0.240188787607,0.194081806216,0.565729406177,-0.0295086890609,A,H,1.68,-1.0,-1.0
1637,E2,2017-04-17,0.213976027673,0.285569698682,0.500454273645,0.500454273645,-0.0709742977835,H,A,1.75,-1.0,-1.0
1638,SC0,2012-02-22,0.199913469416,0.268061022349,0.532025508235,0.532025508235,-0.0527698134023,H,H,1.71,0.71,
1639,D1,2014-05-10,0.262176840112,0.237298601219,0.500524558669,0.500524558669,-0.0096795229635,H,H,1.96,0.96,1.02
1640,F1,2009-12-02,0.514920840892,0.282890675538,0.202188483569,0.514920840892,-0.0664745079447,A,A,1.72,0.72,
1641,SP1,2015-11-08,0.0791883425028,0.160981567688,0.75983008981,0.75983008981,0.00225433223391,H,H,1.32,0.32,0.33
1642,F1,2011-02-12,0.263544083068,0.292500641506,0.443955275425,0.443955275425,-0.0126657291411,H,H,2.19,1.19,
1643,E2,2012-01-21,0.287302100277,0.295895084167,0.416802815555,0.416802815555,-0.0710020624933,H,A,2.05,-1.0,-1.0
1644,SP1,2014-01-18,0.257808481713,0.306768142076,0.435423376211,0.435423376211,-0.0696271288393,H,H,1.98,0.98,1.04
1645,SP1,2015-04-11,0.448925656874,0.296107844973,0.254966498153,0.448925656874,-0.0461238480768,A,D,2.02,-1.0,-1.0
1646,E2,2016-03-01,0.182489777569,0.22561889185,0.591891330581,0.591891330581,-0.0216056019346,H,A,1.63,-1.0,-1.0
1647,SP1,2017-04-08,0.201402918077,0.237989076886,0.560608005038,0.560608005038,0.0019487871609,H,D,1.79,-1.0,-1.0
1648,E0,2012-12-01,0.255321249326,0.289132133088,0.455546617586,0.455546617586,-0.0495038874646,H,D,1.98,-1.0,-1.0
1649,D1,2011-05-14,0.300948834403,0.259670919885,0.439380245713,0.439380245713,-0.00309763039363,H,H,2.26,1.26,
1650,E1,2011-04-16,0.37600608024,0.295120439839,0.328873479921,0.37600608024,-0.0288522193548,A,H,2.47,-1.0,-1.0
1651,SP1,2015-12-19,0.243311957552,0.277687239231,0.479000803217,0.479000803217,-0.0111952752142,H,H,2.04,1.04,1.08
1652,SC0,2009-12-12,0.268984031728,0.296595682126,0.434420286146,0.434420286146,-0.0581905512923,H,D,2.03,-1.0,-1.0
1653,E1,2011-01-25,0.246281460868,0.27991769198,0.473800847153,0.473800847153,-0.0470324861807,H,A,1.92,-1.0,-1.0
1654,D1,2015-05-23,0.259613899159,0.269064060422,0.471322040419,0.471322040419,-0.0388820412138,H,H,1.96,0.96,0.99
1655,SC0,2013-03-30,0.485170114958,0.258271647529,0.256558237513,0.485170114958,-0.0642804344927,A,A,1.82,0.82,0.86
1656,D1,2017-04-15,0.247513485841,0.239833232766,0.512653281392,0.512653281392,0.0151408435814,H,H,2.01,1.01,1.01
1657,E0,2016-03-14,0.156066010724,0.212377753864,0.631556235412,0.631556235412,0.00262541780183,H,H,1.59,0.59,0.62
1658,E1,2017-02-11,0.216958106051,0.261416371519,0.52162552243,0.52162552243,-0.0189150181106,H,D,1.85,-1.0,-1.0
1659,I1,2015-02-01,0.382112248492,0.278332617503,0.339555134004,0.382112248492,-0.0452381788581,A,H,2.34,-1.0,-1.0
1660,F1,2010-11-13,0.137295622927,0.262256753872,0.600447623201,0.600447623201,-0.0489030261495,H,D,1.54,-1.0,-1.0
1661,F1,2011-01-30,0.426217161226,0.315884974821,0.257897863952,0.426217161226,-0.0367458017365,A,D,2.16,-1.0,-1.0
1662,D1,2014-11-30,0.580980353497,0.200148515124,0.218871131379,0.580980353497,-0.0401376589258,A,H,1.61,-1.0,-1.0
1663,E2,2016-11-26,0.371514984212,0.279528505993,0.348956509796,0.371514984212,-0.0333433153835,A,H,2.47,-1.0,-1.0
1664,F1,2015-12-01,0.293068511623,0.276647722381,0.430283765995,0.430283765995,-0.020166684455,H,D,2.22,-1.0,-1.0
1665,D1,2014-03-29,0.0446744890383,0.0609343785579,0.894391132404,0.894391132404,0.0323221668866,H,D,1.16,-1.0,-1.0
1666,E1,2012-03-03,0.387315928532,0.301105294064,0.311578777405,0.387315928532,-0.0310941133092,A,A,2.39,1.39,
1667,F1,2014-02-22,0.214855054173,0.290241705937,0.49490323989,0.49490323989,-0.0286569695336,H,D,1.91,-1.0,-1.0
1668,SP1,2012-12-02,0.272589551041,0.296375252899,0.43103519606,0.43103519606,-0.0520565913792,H,D,2.07,-1.0,-1.0
1669,F1,2016-04-01,0.188969277589,0.238371182373,0.572659540038,0.572659540038,0.00768778862569,H,A,1.77,-1.0,-1.0
1670,I1,2012-03-07,0.271117181604,0.31720913825,0.411673680146,0.411673680146,-0.0578098879293,H,D,2.13,-1.0,-1.0
1671,SP1,2012-04-11,0.335944648934,0.284941940078,0.379113410988,0.379113410988,-0.013043451757,H,H,2.55,1.55,
1672,E0,2013-04-17,0.546186603962,0.26069608815,0.193117307888,0.546186603962,-0.0562230345918,A,D,1.66,-1.0,-1.0
1673,SP1,2010-02-20,0.033365217521,0.124456540657,0.842178241822,0.842178241822,-0.00527938529675,H,H,1.18,0.18,
1674,E2,2015-04-14,0.537780895828,0.250217440885,0.212001663286,0.537780895828,-0.0539350805032,A,A,1.69,0.69,0.72
1675,E2,2010-12-11,0.301378413656,0.300163261674,0.39845832467,0.39845832467,-0.0645046382929,H,H,2.16,1.16,
1676,D1,2015-02-14,0.32388071202,0.287966959896,0.388152328084,0.388152328084,-0.0391980992669,H,A,2.34,-1.0,-1.0
1677,E2,2014-03-15,0.265060809673,0.28128292297,0.453656267357,0.453656267357,-0.0389545700816,H,D,2.03,-1.0,-1.0
1678,I1,2014-02-02,0.309013900056,0.28028285666,0.410703243284,0.410703243284,-0.0166471840665,H,A,2.34,-1.0,-1.0
1679,E2,2010-04-24,0.25717982273,0.281332542191,0.461487635079,0.461487635079,-0.0435628699712,H,H,1.98,0.98,
1680,E1,2012-04-07,0.327795019424,0.286721718196,0.385483262381,0.385483262381,-0.0418671649699,H,A,2.34,-1.0,-1.0
1681,E1,2017-03-04,0.299048294615,0.272184074556,0.428767630829,0.428767630829,-0.00226685192982,H,H,2.32,1.32,1.29
1682,D1,2014-05-10,0.0659204734432,0.0778553064581,0.856224220099,0.856224220099,0.0228908867653,H,H,1.2,0.2,0.21
1683,D1,2010-03-14,0.266185217708,0.265739080804,0.468075701488,0.468075701488,-0.0173611917157,H,H,2.06,1.06,
1684,E0,2015-12-26,0.269283535931,0.290778291143,0.439938172925,0.439938172925,-0.0781965421007,H,H,1.93,0.93,0.95
1685,I1,2010-01-31,0.316311274855,0.317679586557,0.366009138588,0.366009138588,-0.0472140019081,H,D,2.42,-1.0,-1.0
1686,E1,2014-01-25,0.265606540027,0.269522730524,0.464870729448,0.464870729448,-0.0229341486005,H,D,2.05,-1.0,-1.0
1687,SP1,2010-12-11,0.122509518404,0.227898009366,0.649592472231,0.649592472231,-0.0170741944361,H,H,1.5,0.5,
1688,E2,2016-03-25,0.354472634065,0.283151360569,0.362376005366,0.362376005366,-0.0474600602077,H,H,2.44,1.44,1.48
1689,D1,2011-03-19,0.205609491467,0.243599405096,0.550791103438,0.550791103438,-0.0141806479747,H,H,1.77,0.77,
1690,E1,2013-12-14,0.401548883343,0.267371876469,0.331079240188,0.401548883343,-0.044879688086,A,A,2.24,1.24,1.25
1691,SC0,2016-11-06,0.554141247203,0.23028179895,0.215576953847,0.554141247203,-0.0519193588573,A,D,1.65,-1.0,-1.0
1692,E2,2011-04-25,0.342701701667,0.285618908865,0.371679389468,0.371679389468,-0.0348246755725,H,H,2.46,1.46,
1693,E2,2010-04-24,0.604098723865,0.238384256438,0.157517019697,0.604098723865,-0.0715769518109,A,A,1.48,0.48,
1694,F1,2011-03-12,0.300042344908,0.292681620604,0.407276034488,0.407276034488,-0.00424659925657,H,A,2.43,-1.0,-1.0
1695,SP1,2017-03-19,0.28697229949,0.300912475471,0.412115225039,0.412115225039,-0.00110791545667,H,D,2.42,-1.0,-1.0
1696,E2,2016-04-16,0.292434607693,0.295833192841,0.411732199465,0.411732199465,-0.0407564883174,H,D,2.21,-1.0,-1.0
1697,SC0,2016-12-23,0.54077112261,0.245846895437,0.213381981953,0.54077112261,-0.0440241990275,A,A,1.71,0.71,0.73
1698,E0,2011-11-05,0.652835084339,0.200027060448,0.147137855213,0.652835084339,-0.0368200880744,A,A,1.45,0.45,
1699,E0,2014-12-20,0.178315329104,0.231587983166,0.59009668773,0.59009668773,0.00186139361249,H,H,1.7,0.7,0.72
1700,E1,2009-11-21,0.34932261708,0.295561552505,0.355115830415,0.355115830415,-0.0355091695851,H,D,2.56,-1.0,-1.0
1701,E0,2015-12-28,0.229911568698,0.263868419377,0.506220011925,0.506220011925,-0.0119147031006,H,A,1.93,-1.0,-1.0
1702,E2,2016-11-01,0.222353764721,0.272918686398,0.504727548881,0.504727548881,-0.0539316689962,H,H,1.79,0.79,0.77
1703,E1,2014-11-01,0.151189343881,0.217753459343,0.631057196776,0.631057196776,-0.026837540066,H,D,1.52,-1.0,-1.0
1704,E1,2015-03-20,0.338022958616,0.279201523554,0.382775517831,0.382775517831,-0.0140498789948,H,H,2.52,1.52,1.59
1705,F1,2011-12-03,0.307151158726,0.333601351767,0.359247489507,0.359247489507,-0.0522751442374,H,D,2.43,-1.0,-1.0
1706,SP1,2014-01-26,0.00660536100962,0.0298412359669,0.963553403023,0.963553403023,0.0376274770976,H,H,1.08,0.08,0.09
1707,E2,2013-02-09,0.366380076711,0.303942601189,0.3296773221,0.366380076711,-0.0212168225139,A,H,2.58,-1.0,-1.0
1708,E0,2011-11-26,0.0871687572123,0.181580811248,0.73125043154,0.73125043154,0.00132342424032,H,D,1.37,-1.0,-1.0
1709,SP1,2012-11-04,0.218509495683,0.252991142803,0.528499361514,0.528499361514,-0.00341553210258,H,A,1.88,-1.0,-1.0
1710,SP1,2014-04-20,0.0611363511284,0.115086991563,0.823776657308,0.823776657308,0.0107685272272,H,H,1.23,0.23,0.27
1711,SC0,2011-02-27,0.663202288325,0.21111392255,0.125683789125,0.663202288325,-0.0410230637877,A,H,1.42,-1.0,-1.0
1712,SP1,2011-04-03,0.320291832245,0.302421964553,0.377286203202,0.377286203202,-0.0446547250676,H,H,2.37,1.37,
1713,F1,2015-01-24,0.317172554693,0.278686013683,0.404141431625,0.404141431625,0.0135164316248,H,D,2.56,-1.0,-1.0
1714,D1,2013-11-08,0.170365415997,0.231335932357,0.598298651646,0.598298651646,-0.00411098690811,H,D,1.66,-1.0,-1.0
1715,D1,2011-01-22,0.301926183895,0.264692185936,0.433381630169,0.433381630169,-0.00329959253842,H,D,2.29,-1.0,-1.0
1716,E0,2013-05-04,0.679114261611,0.18067694291,0.14020879548,0.679114261611,-0.0301055965453,A,A,1.41,0.41,0.43
1717,I1,2010-11-11,0.297599654474,0.309796842634,0.392603502892,0.392603502892,-0.0275645643353,H,H,2.38,1.38,
1718,SP1,2012-01-14,0.786555855217,0.135654570708,0.0777895740748,0.786555855217,-0.000845719586238,A,A,1.27,0.27,
1719,E0,2011-02-12,0.23875122554,0.248792446697,0.512456327763,0.512456327763,-0.00567838726314,H,D,1.93,-1.0,-1.0
1720,SP1,2010-04-03,0.0290364036786,0.118831785378,0.852131810943,0.852131810943,-0.00256904375772,H,H,1.17,0.17,
1721,F1,2010-04-10,0.135756431994,0.260152870432,0.604090697574,0.604090697574,-0.0495040736681,H,H,1.53,0.53,
1722,E2,2017-02-07,0.202687578087,0.259829843726,0.537482578186,0.537482578186,-0.0180729773691,H,H,1.8,0.8,0.8
1723,SP1,2017-04-02,0.0999244786825,0.14096614585,0.759109375468,0.759109375468,0.0072296762194,H,D,1.33,-1.0,-1.0
1724,E1,2015-11-28,0.438541182587,0.265816289527,0.295642527886,0.438541182587,-0.0516548958443,A,A,2.04,1.04,1.14
1725,E2,2013-01-01,0.327990255183,0.30523979457,0.366769950247,0.366769950247,-0.0642645325118,H,H,2.32,1.32,1.43
1726,F1,2013-01-12,0.284420146315,0.285423130024,0.430156723661,0.430156723661,-0.00462588503495,H,A,2.3,-1.0,-1.0
1727,E1,2014-03-25,0.0689114937889,0.156737255122,0.774351251089,0.774351251089,-0.00689874891066,H,D,1.28,-1.0,-1.0
1728,E1,2012-03-27,0.463437815413,0.260634649882,0.275927534706,0.463437815413,-0.0441763977851,A,A,1.97,0.97,
1729,SP1,2014-04-19,0.211085849217,0.277949513687,0.510964637095,0.510964637095,-0.0670700449855,H,H,1.73,0.73,0.77
1730,I1,2014-11-02,0.305496884873,0.284500056316,0.410003058811,0.410003058811,-0.00322008168448,H,D,2.42,-1.0,-1.0
1731,SP1,2014-02-24,0.339288430268,0.296202863064,0.364508706668,0.364508706668,-0.0291920807332,H,A,2.54,-1.0,-1.0
1732,I1,2010-11-10,0.310996859094,0.290557399976,0.39844574093,0.39844574093,0.00162034410454,H,H,2.52,1.52,
1733,I1,2013-12-21,0.372510737895,0.304866652074,0.32262261003,0.372510737895,-0.0407124026004,A,A,2.42,1.42,1.55
1734,SP1,2012-05-02,0.114952483872,0.232410988078,0.65263652805,0.65263652805,-0.0276355807933,H,H,1.47,0.47,
1735,E1,2012-11-24,0.351413095536,0.290880291176,0.357706613288,0.357706613288,-0.0391187835378,H,A,2.52,-1.0,-1.0
1736,F1,2010-05-15,0.226960429662,0.27554015873,0.497499411608,0.497499411608,-0.0401349969943,H,D,1.86,-1.0,-1.0
1737,E0,2010-11-09,0.128504920346,0.236576512623,0.634918567031,0.634918567031,-0.0144320823199,H,D,1.54,-1.0,-1.0
1738,D1,2011-03-12,0.526002110007,0.2604862879,0.213511602093,0.526002110007,-0.0487105336707,A,H,1.74,-1.0,-1.0
1739,SP1,2010-03-24,0.354061219287,0.263648471963,0.38229030875,0.38229030875,0.01997146817,H,D,2.76,-1.0,-1.0
1740,I1,2010-01-06,0.271625873886,0.287844026594,0.44053009952,0.44053009952,-0.0160909050461,H,D,2.19,-1.0,-1.0
1741,E1,2017-04-17,0.422289345969,0.265462177797,0.312248476234,0.422289345969,-0.0281611044817,A,A,2.22,1.22,1.38
1742,SP1,2015-02-20,0.306621880675,0.293672858942,0.399705260383,0.399705260383,-0.00515303921236,H,H,2.47,1.47,1.55
1743,I1,2017-04-15,0.309857853216,0.278087378821,0.412054767963,0.412054767963,-0.0424906865825,H,H,2.2,1.2,1.27
1744,D1,2011-11-20,0.10597980405,0.19029632077,0.70372387518,0.70372387518,-0.0157005852516,H,H,1.39,0.39,
1745,F1,2014-02-23,0.268169605401,0.293716062488,0.438114332111,0.438114332111,-0.0143743556718,H,A,2.21,-1.0,-1.0
1746,SC0,2017-01-28,0.574514140773,0.223566134471,0.201919724756,0.574514140773,-0.0466038716495,A,A,1.61,0.61,0.62
1747,E1,2010-04-17,0.324286130045,0.280410751365,0.395303118591,0.395303118591,-0.0284256949688,H,D,2.36,-1.0,-1.0
1748,I1,2016-03-13,0.506152417543,0.265446739334,0.228400843123,0.506152417543,-0.0314819910589,A,A,1.86,0.86,0.89
1749,D1,2014-11-29,0.233903278995,0.239562701445,0.52653401956,0.52653401956,0.00839930453378,H,H,1.93,0.93,0.95
1750,E2,2015-02-07,0.17390764931,0.254241163263,0.571851187426,0.571851187426,-0.0379049101345,H,H,1.64,0.64,0.73
1751,E2,2017-01-20,0.344907769725,0.25932801826,0.395764212014,0.395764212014,0.00816731278968,H,D,2.58,-1.0,-1.0
1752,E2,2015-01-17,0.392648739531,0.296578690484,0.310772569985,0.392648739531,-0.0292921887392,A,H,2.37,-1.0,-1.0
1753,F1,2017-03-05,0.0955312012932,0.172685701479,0.731783097228,0.731783097228,0.0123586367959,H,H,1.39,0.39,0.4
1754,E1,2013-03-05,0.312719954676,0.273292966213,0.41398707911,0.41398707911,-0.0207955295854,H,H,2.3,1.3,1.4
1755,D1,2012-05-05,0.252430274777,0.237816265682,0.509753459542,0.509753459542,-0.0193470695588,H,H,1.89,0.89,
1756,E1,2012-04-21,0.0928453271788,0.20947128719,0.697683385631,0.697683385631,-0.0217410748005,H,D,1.39,-1.0,-1.0
1757,E2,2013-12-26,0.350633454979,0.299906483666,0.349460061355,0.350633454979,-0.0170136038449,A,H,2.72,-1.0,-1.0
1758,E2,2012-02-18,0.166974523171,0.259849548116,0.573175928713,0.573175928713,-0.0518240712871,H,H,1.6,0.6,
1759,F1,2014-03-08,0.277792992048,0.288850302501,0.433356705451,0.433356705451,-0.00332451725688,H,H,2.29,1.29,1.35
1760,E0,2013-11-09,0.119094369392,0.260793750005,0.620111880602,0.620111880602,-0.0209137604233,H,H,1.56,0.56,0.56
1761,D1,2010-05-08,0.487871562629,0.251210867078,0.260917570293,0.487871562629,-0.0585765248024,A,A,1.83,0.83,
1762,SP1,2015-05-17,0.625915021984,0.191964081806,0.18212089621,0.625915021984,-0.0319797148581,A,A,1.52,0.52,0.52
1763,SC0,2016-01-23,0.29353152923,0.267539388476,0.438929082294,0.438929082294,-0.0536817551441,H,H,2.03,1.03,1.07
1764,F1,2012-04-21,0.339830203699,0.313414419492,0.34675537681,0.34675537681,-0.0423496815558,H,H,2.57,1.57,
1765,SP1,2014-04-11,0.246886381112,0.292368540783,0.460745078105,0.460745078105,-0.0318657593338,H,D,2.03,-1.0,-1.0
1766,SP1,2012-01-07,0.293295626301,0.296080479884,0.410623893815,0.410623893815,-0.0439215607309,H,D,2.2,-1.0,-1.0
1767,E0,2013-03-16,0.292634917812,0.284360870807,0.423004211381,0.423004211381,-0.0254262818929,H,H,2.23,1.23,1.24
1768,SP1,2013-01-26,0.391327002389,0.290126936127,0.318546061484,0.391327002389,-0.0236107569471,A,A,2.41,1.41,1.47
1769,I1,2016-11-20,0.461252770547,0.285951449297,0.252795780157,0.461252770547,-0.0195164602223,A,A,2.08,1.08,1.15
1770,E1,2016-01-12,0.395503766714,0.268318220323,0.336178012963,0.395503766714,-0.0469741093919,A,H,2.26,-1.0,-1.0
1771,E2,2017-01-07,0.241679893637,0.23217093825,0.526149168113,0.526149168113,0.00801445308682,H,H,1.93,0.93,0.97
1772,I1,2016-02-20,0.148236800871,0.226557698549,0.62520550058,0.62520550058,-0.0158201404456,H,H,1.56,0.56,0.58
1773,SP1,2014-02-09,0.260694004195,0.27637401434,0.462931981465,0.462931981465,-0.00435773816084,H,D,2.14,-1.0,-1.0
1774,SP1,2017-02-25,0.332564302855,0.302825436484,0.364610260661,0.364610260661,-0.00992157454454,H,H,2.67,1.67,1.71
1775,F1,2016-11-25,0.300861111916,0.298099143427,0.401039744657,0.401039744657,-0.00712352064915,H,H,2.45,1.45,1.48
1776,I1,2010-04-25,0.175630029286,0.249264430352,0.575105540362,0.575105540362,-0.0915611263049,H,H,1.5,0.5,
1777,I1,2015-04-26,0.13063026955,0.203567469799,0.665802260651,0.665802260651,-0.00987341502426,H,H,1.48,0.48,0.5
1778,E0,2013-01-12,0.243530535957,0.256857954534,0.49961150951,0.49961150951,-0.00800270368819,H,D,1.97,-1.0,-1.0
1779,E2,2014-11-29,0.162430664437,0.22580272918,0.611766606383,0.611766606383,-0.00935140603945,H,H,1.61,0.61,0.6
1780,E2,2012-03-06,0.342530345164,0.284035345874,0.373434308962,0.373434308962,-0.0233910878634,H,D,2.52,-1.0,-1.0
1781,D1,2009-11-07,0.367646692534,0.303341014961,0.329012292505,0.367646692534,-0.0307596819677,A,D,2.51,-1.0,-1.0
1782,E2,2010-02-23,0.285423181002,0.29592189684,0.418654922158,0.418654922158,-0.0644368652821,H,D,2.07,-1.0,-1.0
1783,E1,2010-04-03,0.572535364906,0.257923526847,0.169541108247,0.572535364906,-0.0684902761193,A,A,1.56,0.56,
1784,D1,2013-05-04,0.488954655863,0.264763619533,0.246281724604,0.488954655863,-0.0373611336106,A,A,1.9,0.9,0.93
1785,E0,2012-05-13,0.151143972947,0.22435578288,0.624500244174,0.624500244174,-0.0124424309856,H,H,1.57,0.57,
1786,E2,2012-05-05,0.427186219593,0.278839158359,0.293974622048,0.427186219593,-0.0490042565973,A,H,2.1,-1.0,-1.0
1787,SC0,2016-05-15,0.260787896911,0.285319442325,0.453892660765,0.453892660765,-0.061571256761,H,D,1.94,-1.0,-1.0
1788,E1,2014-01-18,0.509697801604,0.257370396477,0.232931801918,0.509697801604,-0.0458577539513,A,H,1.8,-1.0,-1.0
1789,E1,2014-03-01,0.27756930921,0.266010573636,0.456420117154,0.456420117154,0.00393142937129,H,H,2.21,1.21,1.29
1790,E2,2010-11-02,0.302543163012,0.293608003093,0.403848833895,0.403848833895,-0.0425797375336,H,D,2.24,-1.0,-1.0
1791,D1,2012-02-25,0.184627491171,0.238235549073,0.577136959756,0.577136959756,-0.014579016575,H,H,1.69,0.69,
1792,E2,2015-02-07,0.429910803227,0.286916933244,0.283172263529,0.429910803227,-0.0288047931035,A,A,2.18,1.18,1.19
1793,SP1,2015-12-06,0.295169778265,0.284292534306,0.420537687429,0.420537687429,-0.0180588037992,H,H,2.28,1.28,1.35
1794,E2,2013-11-23,0.141772022158,0.232974730792,0.62525324705,0.62525324705,-0.0283415241916,H,A,1.53,-1.0,-1.0
1795,SC0,2014-01-21,0.369329227366,0.273038048459,0.357632724175,0.369329227366,-0.0388340379398,A,A,2.45,1.45,1.51
1796,D1,2015-05-09,0.0613288403851,0.168499404109,0.770171755506,0.770171755506,-0.00502204294396,H,H,1.29,0.29,0.32
1797,SP1,2013-11-24,0.192465861033,0.229101004362,0.578433134604,0.578433134604,-0.00296221423293,H,H,1.72,0.72,0.77
1798,D1,2016-04-10,0.544918193241,0.227666167473,0.227415639286,0.544918193241,-0.0331164888402,A,D,1.73,-1.0,-1.0
1799,SP1,2010-04-15,0.748315929114,0.15071237053,0.100971700356,0.748315929114,-0.0209148401165,A,A,1.3,0.3,
1800,E0,2010-02-09,0.280513051037,0.287395556587,0.432091392375,0.432091392375,-0.0224540621702,H,D,2.2,-1.0,-1.0
1801,F1,2010-02-27,0.287798698522,0.30336986734,0.408831434138,0.408831434138,-0.0278497885693,H,H,2.29,1.29,
1802,I1,2014-03-17,0.428286305872,0.302453420669,0.269260273458,0.428286305872,-0.0262591486731,A,A,2.2,1.2,1.28
1803,F1,2009-12-19,0.194116219713,0.293551676353,0.512332103933,0.512332103933,-0.0341159834984,H,A,1.83,-1.0,-1.0
1804,I1,2012-12-02,0.114581436637,0.206022595677,0.679395967686,0.679395967686,-0.0150484767583,H,H,1.44,0.44,0.44
1805,E1,2010-03-20,0.332958253091,0.294670482727,0.372371264182,0.372371264182,-0.0391513695627,H,D,2.43,-1.0,-1.0
1806,SP1,2013-05-04,0.325960862057,0.250426292946,0.423612844997,0.423612844997,0.0171087799565,H,H,2.46,1.46,1.48
1807,E1,2011-11-19,0.246139082321,0.270164228468,0.483696689211,0.483696689211,-0.0265073924216,H,D,1.96,-1.0,-1.0
1808,E2,2017-02-18,0.337843907402,0.278849334973,0.383306757625,0.383306757625,-0.0231973074158,H,H,2.46,1.46,1.55
1809,E2,2010-04-20,0.282910116774,0.284095547202,0.432994336024,0.432994336024,-0.0477748947452,H,H,2.08,1.08,
1810,E0,2015-11-29,0.592864313038,0.219768156788,0.187367530174,0.592864313038,-0.0321356869616,A,D,1.6,-1.0,-1.0
1811,E2,2013-11-23,0.189007403222,0.278663980813,0.532328615964,0.532328615964,-0.0700810225898,H,D,1.66,-1.0,-1.0
1812,E2,2014-02-22,0.323137666905,0.266745455832,0.410116877263,0.410116877263,-0.00482088207303,H,A,2.41,-1.0,-1.0
1813,SP1,2013-11-23,0.0495604586225,0.154555846618,0.79588369476,0.79588369476,-0.00411630524043,H,H,1.25,0.25,0.28
1814,E1,2012-11-27,0.363038551494,0.297877469092,0.339083979413,0.363038551494,-0.0129012981296,A,D,2.66,-1.0,-1.0
1815,F1,2010-11-13,0.183269446187,0.278423165735,0.538307388078,0.538307388078,-0.0397272940029,H,H,1.73,0.73,
1816,SP1,2012-05-02,0.612973644168,0.222731178878,0.164295176954,0.612973644168,-0.0363770051831,A,A,1.54,0.54,
1817,E2,2012-11-17,0.171356040713,0.269412519193,0.559231440094,0.559231440094,-0.0580525105235,H,H,1.62,0.62,0.65
1818,SC0,2013-01-19,0.382801083904,0.293767386389,0.323431529707,0.382801083904,-0.0287215498411,A,A,2.43,1.43,1.39
1819,SC0,2010-04-17,0.0913186826927,0.213891387311,0.694789929996,0.694789929996,-0.0351370773033,H,H,1.37,0.37,
1820,E1,2012-12-01,0.320520577951,0.280568056256,0.398911365793,0.398911365793,-0.0248174477661,H,A,2.36,-1.0,-1.0
1821,SP1,2015-03-21,0.131542456565,0.222564679206,0.645892864229,0.645892864229,-0.0207738024375,H,H,1.5,0.5,0.53
1822,E1,2012-04-17,0.540117521885,0.238876932078,0.221005546037,0.540117521885,-0.0622921166695,A,A,1.66,0.66,
1823,E1,2009-12-28,0.264162943424,0.291319435939,0.444517620637,0.444517620637,-0.0505318843133,H,D,2.02,-1.0,-1.0
1824,SP1,2017-04-30,0.512090622285,0.249881381095,0.238027996621,0.512090622285,-0.0403955655606,A,A,1.81,0.81,0.82
1825,E0,2013-01-19,0.184762575616,0.234441810103,0.580795614281,0.580795614281,0.00276093220032,H,D,1.73,-1.0,-1.0
1826,E0,2013-01-19,0.0739140825398,0.171418168132,0.754667749328,0.754667749328,-0.00869102929752,H,H,1.31,0.31,0.33
1827,SP1,2011-03-13,0.687273982414,0.187763048304,0.124962969282,0.687273982414,-0.0321504780178,A,D,1.39,-1.0,-1.0
1828,SC0,2015-03-07,0.367517764777,0.296654627757,0.335827607466,0.367517764777,-0.0231072352227,A,H,2.56,-1.0,-1.0
1829,E0,2014-04-21,0.0534423052694,0.0882754498679,0.858282244863,0.858282244863,0.017946110409,H,H,1.19,0.19,0.2
1830,E1,2017-05-07,0.353227210258,0.237687232198,0.409085557544,0.409085557544,0.0214886583191,H,A,2.58,-1.0,-1.0
1831,E2,2013-03-09,0.176066851898,0.276581217264,0.547351930838,0.547351930838,-0.0624041667228,H,D,1.64,-1.0,-1.0
1832,SP1,2014-04-19,0.346183799029,0.300364742555,0.353451458416,0.353451458416,-0.0210803767901,H,D,2.67,-1.0,-1.0
1833,E1,2016-01-02,0.279297375552,0.313830378037,0.406872246411,0.406872246411,-0.0738969843581,H,D,2.08,-1.0,-1.0
1834,SP1,2010-04-03,0.225146333778,0.277227867165,0.497625799057,0.497625799057,-0.0429147414838,H,H,1.85,0.85,
1835,F1,2014-05-10,0.372280600392,0.300863328475,0.326856071132,0.372280600392,-0.0261257741098,A,D,2.51,-1.0,-1.0
1836,I1,2011-12-18,0.161839001087,0.266021421105,0.572139577808,0.572139577808,-0.0160957163093,H,D,1.7,-1.0,-1.0
1837,D1,2015-05-08,0.293176852931,0.276072039211,0.430751107857,0.430751107857,-0.0258698967091,H,D,2.19,-1.0,-1.0
1838,E2,2011-02-05,0.213165356662,0.277606382848,0.50922826049,0.50922826049,-0.0589535576917,H,A,1.76,-1.0,-1.0
1839,E2,2014-04-05,0.489487522113,0.270452285858,0.24006019203,0.489487522113,-0.0368282673611,A,A,1.9,0.9,0.92
1840,F1,2013-11-23,0.221039430011,0.291347439479,0.48761313051,0.48761313051,-0.0174373745406,H,D,1.98,-1.0,-1.0
1841,E2,2009-12-12,0.387935586454,0.269104885071,0.342959528475,0.387935586454,-0.0375963284396,A,A,2.35,1.35,
1842,SP1,2014-05-18,0.110240148507,0.158575635131,0.731184216362,0.731184216362,0.00125720906305,H,H,1.37,0.37,0.4
1843,F1,2011-12-21,0.190828990789,0.288401687765,0.520769321446,0.520769321446,-0.0286812280048,H,D,1.82,-1.0,-1.0
1844,D1,2011-02-13,0.213676262313,0.264331239772,0.521992497915,0.521992497915,-0.0527201457629,H,D,1.74,-1.0,-1.0
1845,SP1,2011-01-29,0.408151813441,0.255125142812,0.336723043748,0.408151813441,-0.0484691911257,A,D,2.19,-1.0,-1.0
1846,SP1,2015-12-30,0.116004714226,0.181017862115,0.702977423659,0.702977423659,-0.00624243449728,H,H,1.41,0.41,0.44
1847,I1,2011-04-16,0.12578900491,0.212662178271,0.661548816819,0.661548816819,-0.0328956276256,H,A,1.44,-1.0,-1.0
1848,E0,2013-02-02,0.288191604763,0.288407987096,0.423400408142,0.423400408142,-0.0395625548213,H,D,2.16,-1.0,-1.0
1849,D1,2011-11-06,0.361922189686,0.271126071037,0.366951739277,0.366951739277,-0.000695319546323,H,D,2.72,-1.0,-1.0
1850,F1,2010-05-02,0.343398009012,0.306968936975,0.349633054013,0.349633054013,-0.0335087084393,H,D,2.61,-1.0,-1.0
1851,E2,2013-12-29,0.254194557126,0.303666663515,0.442138779359,0.442138779359,-0.0759959356671,H,D,1.93,-1.0,-1.0
1852,E2,2009-11-24,0.361810894109,0.291788303914,0.346400801977,0.361810894109,-0.0272941642568,A,H,2.57,-1.0,-1.0
1853,D1,2009-11-21,0.174516800346,0.252367409222,0.573115790432,0.573115790432,-0.0366403071293,H,D,1.64,-1.0,-1.0
1854,E1,2016-02-27,0.417771381763,0.285268073836,0.296960544401,0.417771381763,-0.0388496228037,A,A,2.19,1.19,1.22
1855,D1,2014-01-25,0.352620348676,0.271844242692,0.375535408632,0.375535408632,-0.0150895913681,H,H,2.56,1.56,1.61
1856,E0,2009-11-08,0.353705688249,0.281477043545,0.364817268205,0.364817268205,-0.00148309809527,H,H,2.73,1.73,
1857,F1,2011-05-11,0.272528043,0.307968190335,0.419503766665,0.419503766665,-0.0413257264224,H,H,2.17,1.17,
1858,E0,2015-12-14,0.409968150198,0.273316899607,0.316714950195,0.409968150198,-0.019216399158,A,H,2.33,-1.0,-1.0
1859,E0,2014-12-28,0.417881667167,0.262901312691,0.319217020141,0.417881667167,-0.0305488261063,A,D,2.23,-1.0,-1.0
1860,E2,2015-11-24,0.429225253689,0.273295920192,0.297478826119,0.429225253689,-0.0253202008565,A,H,2.2,-1.0,-1.0
1861,E0,2015-11-29,0.346605486952,0.266592215309,0.386802297739,0.386802297739,-0.00689848966291,H,D,2.54,-1.0,-1.0
1862,E2,2013-01-22,0.191045146488,0.275557703888,0.533397149624,0.533397149624,-0.0690124889301,H,D,1.66,-1.0,-1.0
1863,SP1,2012-11-04,0.245014795509,0.267666078066,0.487319126424,0.487319126424,-0.00529171101402,H,H,2.03,1.03,1.07
1864,SC0,2015-05-09,0.432794879155,0.28083705025,0.286368070595,0.432794879155,-0.0411387701337,A,A,2.11,1.11,1.15
1865,I1,2014-03-16,0.28419220128,0.312150339642,0.403657459078,0.403657459078,-0.0388204170277,H,H,2.26,1.26,1.32
1866,E2,2011-03-08,0.190945096791,0.261210776854,0.547844126355,0.547844126355,-0.0335512224818,H,H,1.72,0.72,
1867,E1,2016-02-27,0.299151800638,0.291874345513,0.408973853849,0.408973853849,-0.0414765966013,H,A,2.22,-1.0,-1.0
1868,E0,2012-03-18,0.722006226851,0.1698317211,0.108162052049,0.722006226851,-0.0242624298651,A,A,1.34,0.34,
1869,I1,2012-12-02,0.0993713986855,0.245059145792,0.655569455522,0.655569455522,-0.0247026533216,H,D,1.47,-1.0,-1.0
1870,E2,2016-11-26,0.320751863323,0.292993285168,0.386254851509,0.386254851509,-0.0374739620506,H,D,2.36,-1.0,-1.0
1871,E1,2014-04-12,0.209511437935,0.271509079308,0.518979482758,0.518979482758,-0.0129354108592,H,A,1.88,-1.0,-1.0
1872,E1,2012-04-14,0.376175839326,0.287200336436,0.336623824238,0.376175839326,-0.0439922279008,A,H,2.38,-1.0,-1.0
1873,E2,2010-04-05,0.283183087914,0.300854497863,0.415962414223,0.415962414223,-0.0742336642085,H,H,2.04,1.04,
1874,E1,2016-12-03,0.235715962741,0.234291369736,0.529992667523,0.529992667523,0.000892138422017,H,H,1.89,0.89,0.92
1875,E2,2011-05-07,0.197777979816,0.272351991424,0.529870028761,0.529870028761,-0.0448426149176,H,H,1.74,0.74,
1876,E0,2017-04-04,0.106175475757,0.197302451706,0.696522072537,0.696522072537,0.00686690012299,H,H,1.45,0.45,0.48
1877,E0,2013-05-19,0.214468273857,0.256096074534,0.529435651609,0.529435651609,-0.0355360998033,H,A,1.77,-1.0,-1.0
1878,I1,2012-11-04,0.298584148314,0.283897343097,0.417518508588,0.417518508588,-0.0116660407679,H,D,2.33,-1.0,-1.0
1879,E1,2011-01-22,0.350249764329,0.289097791105,0.360652444566,0.360652444566,-0.022489317886,H,A,2.61,-1.0,-1.0
1880,SP1,2017-03-04,0.183689082871,0.267400820764,0.548910096365,0.548910096365,-0.00357609148057,H,H,1.81,0.81,0.85
1881,E1,2015-12-05,0.42554966448,0.290329313578,0.284121021942,0.42554966448,-0.0269390233028,A,A,2.21,1.21,1.22
1882,E0,2013-01-12,0.300817083336,0.286955839058,0.412227077606,0.412227077606,-0.0206733552941,H,H,2.31,1.31,1.41
1883,F1,2016-11-27,0.452392654274,0.265558082871,0.282049262855,0.452392654274,-0.030699133166,A,A,2.07,1.07,1.08
1884,E1,2013-01-26,0.30280026874,0.293747270982,0.403452460278,0.403452460278,-0.0390254158283,H,A,2.26,-1.0,-1.0
1885,F1,2015-11-08,0.299788352708,0.305845615562,0.39436603173,0.39436603173,-0.034818517626,H,H,2.33,1.33,1.42
1886,I1,2010-01-31,0.0451170647046,0.186884219292,0.767998716003,0.767998716003,-0.0256520776475,H,H,1.26,0.26,
1887,D1,2013-11-24,0.268722255467,0.255216553467,0.476061191066,0.476061191066,-0.0141348873656,H,H,2.04,1.04,1.12
1888,SC0,2015-01-17,0.116196995934,0.215851309067,0.667951694999,0.667951694999,-0.0264927494454,H,D,1.44,-1.0,-1.0
1889,E2,2010-03-13,0.237423730712,0.301447404213,0.461128865075,0.461128865075,-0.0736304932138,H,D,1.87,-1.0,-1.0
1890,I1,2011-05-22,0.186133731901,0.293382700813,0.520483567287,0.520483567287,-0.0783188279227,H,H,1.67,0.67,
1891,E0,2014-02-01,0.117568611163,0.214466488658,0.667964900179,0.667964900179,-0.00771077549654,H,H,1.48,0.48,0.52
1892,E1,2010-11-09,0.293533019916,0.277309305038,0.429157675046,0.429157675046,-0.00943881618223,H,D,2.28,-1.0,-1.0
1893,E1,2011-02-13,0.278670998298,0.28789051181,0.433438489892,0.433438489892,-0.0338512297341,H,D,2.14,-1.0,-1.0
1894,I1,2011-04-17,0.342778504967,0.300869255489,0.356352239544,0.356352239544,-0.0282631450712,H,D,2.6,-1.0,-1.0
1895,E0,2010-03-13,0.269384291417,0.293434741149,0.437180967434,0.437180967434,-0.0412879320876,H,H,2.09,1.09,
1896,E1,2012-01-31,0.268767024283,0.287484507772,0.443748467944,0.443748467944,-0.0416884252597,H,A,2.06,-1.0,-1.0
1897,E1,2012-04-07,0.363166151887,0.273443494362,0.363390353751,0.363390353751,-0.019751408701,H,D,2.61,-1.0,-1.0
1898,SP1,2012-03-18,0.387739781825,0.30627920094,0.305981017235,0.387739781825,-0.0324282854019,A,H,2.38,-1.0,-1.0
1899,E2,2010-04-13,0.244608673932,0.271784420865,0.483606905203,0.483606905203,-0.0454936238976,H,H,1.89,0.89,
1900,E2,2009-11-21,0.144698260513,0.236762284304,0.618539455184,0.618539455184,-0.026621835139,H,H,1.55,0.55,
1901,SP1,2010-03-21,0.271699942346,0.273832908581,0.454467149073,0.454467149073,-0.0172309641344,H,H,2.12,1.12,
1902,SC0,2012-12-08,0.366872263969,0.309143619644,0.323984116387,0.366872263969,-0.0237527360312,A,D,2.56,-1.0,-1.0
1903,SP1,2013-03-31,0.247402013655,0.27452557089,0.478072415456,0.478072415456,-0.0347480973649,H,A,1.95,-1.0,-1.0
1904,SP1,2015-02-01,0.309930081711,0.320383625795,0.369686292494,0.369686292494,-0.0576641348562,H,H,2.34,1.34,1.41
1905,E2,2011-02-05,0.324868173954,0.263273558308,0.411858267739,0.411858267739,-0.00480839892797,H,H,2.4,1.4,
1906,D1,2017-05-20,0.11593681655,0.138123893046,0.745939290404,0.745939290404,0.00519854966301,H,D,1.35,-1.0,-1.0
1907,E1,2017-04-14,0.274658434227,0.279994901857,0.445346663915,0.445346663915,-0.00510378653542,H,A,2.22,-1.0,-1.0
1908,E2,2017-04-22,0.526185084926,0.257030963815,0.216783951259,0.526185084926,-0.0518495971544,A,A,1.73,0.73,0.76
1909,D1,2013-05-11,0.228207931578,0.256941804675,0.514850263748,0.514850263748,-0.028627997122,H,A,1.84,-1.0,-1.0
1910,E1,2015-12-29,0.457421952981,0.28128136504,0.261296681979,0.457421952981,-0.0501922602172,A,D,1.97,-1.0,-1.0
1911,SP1,2010-05-05,0.406849911127,0.274913837665,0.318236251208,0.406849911127,-0.0476955434181,A,A,2.2,1.2,
1912,E0,2015-12-05,0.514660700263,0.262696099707,0.22264320003,0.514660700263,-0.0229737083391,A,D,1.86,-1.0,-1.0
1913,SC0,2015-12-30,0.30336273173,0.294023060076,0.402614208194,0.402614208194,-0.0498744795886,H,A,2.21,-1.0,-1.0
1914,F1,2014-11-28,0.117383701971,0.238002612393,0.644613685636,0.644613685636,-0.00473696371462,H,H,1.54,0.54,0.6
1915,SP1,2015-02-14,0.253304145141,0.272499878851,0.474195976007,0.474195976007,-0.00199450018321,H,A,2.1,-1.0,-1.0
1916,F1,2010-03-06,0.215610128993,0.298817470544,0.485572400463,0.485572400463,-0.0407433890108,H,H,1.9,0.9,
1917,E2,2011-03-08,0.409701170651,0.267362428128,0.322936401221,0.409701170651,-0.0448442838945,A,A,2.2,1.2,
1918,E0,2013-02-09,0.165304721703,0.226781352636,0.60791392566,0.60791392566,0.00185331959963,H,H,1.65,0.65,0.66
1919,E2,2016-05-08,0.298885736283,0.28153692274,0.419577340977,0.419577340977,-0.0329113468059,H,H,2.21,1.21,1.24
1920,SP1,2010-04-15,0.162143173016,0.258120250918,0.579736576066,0.579736576066,-0.0337603564496,H,H,1.63,0.63,
1921,E0,2012-12-09,0.382588806392,0.307608824097,0.309802369511,0.382588806392,-0.0289338273532,A,A,2.43,1.43,1.44
1922,E0,2017-05-05,0.731742674858,0.147840365757,0.120416959385,0.731742674858,0.0018156675583,A,H,1.37,-1.0,-1.0
1923,E0,2013-04-21,0.404406323859,0.272268337795,0.323325338346,0.404406323859,-0.0361223105023,A,H,2.27,-1.0,-1.0
1924,SP1,2014-11-09,0.517234060318,0.270727945385,0.212037994297,0.517234060318,-0.029214027114,A,H,1.83,-1.0,-1.0
1925,E2,2012-03-20,0.44279784675,0.286854364411,0.270347788839,0.44279784675,-0.0356710527714,A,A,2.09,1.09,
1926,F1,2009-12-19,0.322832633074,0.315319253814,0.361848113112,0.361848113112,-0.0303087496331,H,D,2.55,-1.0,-1.0
1927,E2,2012-03-17,0.35849778419,0.273671945258,0.367830270552,0.367830270552,0.000183211728058,H,H,2.72,1.72,
1928,SC0,2014-11-22,0.215165514937,0.243985391611,0.540849093452,0.540849093452,-0.0241226579603,H,H,1.77,0.77,0.78
1929,E1,2013-03-05,0.257450519187,0.286698956755,0.455850524058,0.455850524058,-0.059613393468,H,D,1.94,-1.0,-1.0
1930,E1,2015-01-10,0.291658306081,0.269164188553,0.439177505365,0.439177505365,-0.0259387737043,H,H,2.15,1.15,1.22
1931,I1,2010-11-14,0.344043514869,0.318792573046,0.337163912085,0.344043514869,-0.0169673154562,A,A,2.77,1.77,
1932,E0,2016-03-19,0.372404960687,0.300281309269,0.327313730043,0.372404960687,-0.0308208457644,A,A,2.48,1.48,1.6
1933,E2,2011-05-02,0.596846631259,0.222600877995,0.180552490746,0.596846631259,-0.0654050243703,A,A,1.51,0.51,
1934,I1,2012-01-22,0.664714041855,0.21521038097,0.120075577175,0.664714041855,-0.0297304025894,A,A,1.44,0.44,
1935,E1,2011-05-07,0.370182069623,0.280522296896,0.349295633481,0.370182069623,-0.0330437368289,A,D,2.48,-1.0,-1.0
1936,I1,2010-11-07,0.230036022952,0.277298211746,0.492665765302,0.492665765302,-0.00238373964855,H,H,2.02,1.02,
1937,E2,2017-04-08,0.382901288651,0.29766870534,0.319430006008,0.382901288651,-0.0269347769225,A,H,2.44,-1.0,-1.0
1938,E2,2010-03-27,0.301640762705,0.292220213053,0.406139024242,0.406139024242,-0.0546904688456,H,D,2.17,-1.0,-1.0
1939,E2,2015-03-14,0.143664769154,0.2120117571,0.644323473745,0.644323473745,-0.0268174658519,H,D,1.49,-1.0,-1.0
1940,E2,2011-03-26,0.218314066353,0.261862595107,0.51982333854,0.51982333854,-0.0236549223295,H,A,1.84,-1.0,-1.0
1941,D1,2017-05-20,0.265491973706,0.281930062038,0.452577964256,0.452577964256,-0.0424715406947,H,A,2.02,-1.0,-1.0
1942,E0,2011-02-12,0.0719271337797,0.212404246695,0.715668619525,0.715668619525,-0.019625498122,H,D,1.36,-1.0,-1.0
1943,D1,2015-03-01,0.4654660931,0.23898438025,0.29554952665,0.4654660931,-0.0421481200977,A,A,1.97,0.97,1.01
1944,E1,2011-01-01,0.28788285976,0.314840140567,0.397276999674,0.397276999674,-0.0656859632891,H,H,2.16,1.16,
1945,E1,2014-01-25,0.334093109557,0.281569180689,0.384337709753,0.384337709753,-0.012487687072,H,D,2.52,-1.0,-1.0
1946,F1,2015-04-07,0.172930638691,0.281635871607,0.545433489701,0.545433489701,-0.0498046055369,H,D,1.68,-1.0,-1.0
1947,F1,2012-12-23,0.203368387763,0.255947556085,0.540684056151,0.540684056151,-0.0179751617257,H,H,1.79,0.79,0.85
1948,SP1,2017-04-02,0.224927708434,0.255959470992,0.519112820574,0.519112820574,-0.0214277199665,H,H,1.85,0.85,0.89
1949,F1,2010-05-12,0.0508823387422,0.191691900868,0.75742576039,0.75742576039,-0.0362250332606,H,H,1.26,0.26,
1950,SP1,2015-12-12,0.00685434307581,0.0119814680717,0.981164188853,0.981164188853,0.0465847496002,H,D,1.07,-1.0,-1.0
1951,E1,2015-04-11,0.405374166691,0.259178642978,0.335447190331,0.405374166691,-0.0450762837592,A,H,2.22,-1.0,-1.0
1952,I1,2010-05-02,0.200049414977,0.488806897298,0.311143687725,0.488806897298,-0.102909079034,D,D,1.69,0.69,
1953,E2,2015-01-17,0.216987862294,0.250421982046,0.53259015566,0.53259015566,0.00348962655981,H,H,1.89,0.89,0.95
1954,SP1,2017-04-05,0.734482413105,0.151267498302,0.114250088592,0.734482413105,-0.00625832763527,A,A,1.35,0.35,0.36
1955,SP1,2011-04-30,0.426169762214,0.285319693259,0.288510544527,0.426169762214,-0.0242806882362,A,A,2.22,1.22,
1956,SP1,2012-04-22,0.16620486439,0.251300788419,0.582494347192,0.582494347192,-0.0425056528081,H,H,1.6,0.6,
1957,E0,2015-04-04,0.20780821769,0.231810562444,0.560381219866,0.560381219866,0.0139331324344,H,H,1.83,0.83,0.85
1958,I1,2011-01-23,0.1155637948,0.233323051265,0.651113153935,0.651113153935,-0.024562521741,H,D,1.48,-1.0,-1.0
1959,SP1,2017-05-13,0.21055663159,0.240995053014,0.548448315396,0.548448315396,-0.0197335027862,H,H,1.76,0.76,0.76
1960,SP1,2017-05-07,0.254607937646,0.281282896265,0.464109166089,0.464109166089,-0.028501671349,H,A,2.03,-1.0,-1.0
1961,E0,2010-02-21,0.451136748968,0.275959540475,0.272903710557,0.451136748968,-0.0439127559823,A,A,2.02,1.02,
1962,E2,2015-02-14,0.241167749224,0.278947783218,0.479884467557,0.479884467557,-0.0492160615432,H,A,1.89,-1.0,-1.0
1963,E1,2011-04-30,0.284133133164,0.293426777657,0.42244008918,0.42244008918,-0.0677559892519,H,D,2.04,-1.0,-1.0
1964,E1,2014-03-01,0.231724281252,0.283474207274,0.484801511474,0.484801511474,-0.0280190013464,H,H,1.95,0.95,1.03
1965,E0,2013-05-12,0.28414242352,0.299553580824,0.416303995657,0.416303995657,-0.0531795724185,H,H,2.13,1.13,1.21
1966,E2,2017-02-14,0.195281579227,0.265810477417,0.538907943356,0.538907943356,-0.0325206280726,H,D,1.75,-1.0,-1.0
1967,F1,2015-12-19,0.303088330324,0.299977421241,0.396934248435,0.396934248435,-0.0197324182318,H,H,2.4,1.4,1.45
1968,I1,2015-02-15,0.225562404154,0.269242753034,0.505194842812,0.505194842812,-0.0183653666117,H,H,1.91,0.91,0.96
1969,I1,2010-02-21,0.0879900946984,0.231755114235,0.680254791067,0.680254791067,-0.034030923219,H,H,1.4,0.4,
1970,E1,2013-01-19,0.222146647387,0.247291668778,0.530561683835,0.530561683835,-0.0249938717206,H,H,1.8,0.8,0.83
1971,E2,2010-12-26,0.17758830362,0.25370302741,0.56870866897,0.56870866897,-0.0410474285912,H,A,1.64,-1.0,-1.0
1972,E2,2011-01-29,0.383621516909,0.271512527206,0.344865955885,0.383621516909,-0.0492789159912,A,A,2.31,1.31,
1973,E0,2011-12-03,0.597083039224,0.236516304914,0.166400655862,0.597083039224,-0.0439426018015,A,A,1.56,0.56,
1974,F1,2011-12-21,0.0742424109114,0.231959365684,0.693798223405,0.693798223405,-0.0308394577548,H,D,1.38,-1.0,-1.0
1975,E2,2012-02-14,0.204350418239,0.253150445153,0.542499136608,0.542499136608,-0.0161600812692,H,D,1.79,-1.0,-1.0
1976,F1,2010-12-21,0.256125946814,0.317936562177,0.42593749101,0.42593749101,-0.052531408512,H,D,2.09,-1.0,-1.0
1977,E1,2014-01-18,0.198683228021,0.24032867626,0.560988095719,0.560988095719,-0.013724547959,H,A,1.74,-1.0,-1.0
1978,SC0,2016-03-16,0.337749876662,0.283213953704,0.379036169634,0.379036169634,-0.029127095672,H,D,2.45,-1.0,-1.0
1979,E1,2011-03-08,0.219176220479,0.24881822741,0.532005552112,0.532005552112,9.06584945013e-05,H,A,1.88,-1.0,-1.0
1980,E1,2015-05-02,0.500305755802,0.232721424443,0.266972819755,0.500305755802,-0.0521804320432,A,D,1.81,-1.0,-1.0
1981,F1,2012-05-07,0.0673618849234,0.192120407248,0.740517707828,0.740517707828,-0.0287130614024,H,H,1.3,0.3,
1982,SP1,2015-11-07,0.21179478988,0.236898854517,0.551306355604,0.551306355604,0.0136719470018,H,A,1.86,-1.0,-1.0
1983,F1,2013-04-27,0.339736992512,0.288511701066,0.371751306422,0.371751306422,-0.023505610574,H,D,2.53,-1.0,-1.0
1984,F1,2015-11-29,0.200204936055,0.303304834944,0.496490229002,0.496490229002,-0.0559959588436,H,H,1.81,0.81,0.91
1985,E2,2012-03-03,0.243131578126,0.260390777892,0.496477643982,0.496477643982,-0.021657071044,H,H,1.93,0.93,
1986,E2,2012-03-27,0.364011872244,0.290242079582,0.345746048174,0.364011872244,-0.028144990501,A,A,2.55,1.55,
1987,SP1,2016-02-06,0.318234604796,0.273939262474,0.40782613273,0.40782613273,0.0125692157339,H,D,2.53,-1.0,-1.0
1988,D1,2012-03-10,0.228624916832,0.262504000408,0.50887108276,0.50887108276,0.00125686956194,H,H,1.97,0.97,
1989,I1,2017-02-07,0.169653213854,0.204514513845,0.625832272301,0.625832272301,0.0123353397856,H,H,1.63,0.63,0.64
1990,F1,2011-11-26,0.200591538356,0.283310331157,0.516098130487,0.516098130487,-0.0244424100531,H,A,1.85,-1.0,-1.0
1991,E1,2016-03-05,0.248673832438,0.30218240538,0.449143762182,0.449143762182,-0.0799567669185,H,H,1.89,0.89,0.91
1992,E2,2016-03-25,0.270004003307,0.2585455848,0.471450411893,0.471450411893,0.0106209188054,H,D,2.17,-1.0,-1.0
1993,E1,2016-04-12,0.120857457545,0.221127124814,0.658015417641,0.658015417641,-0.0131255219563,H,H,1.49,0.49,0.52
1994,F1,2017-02-19,0.278904207344,0.277510810334,0.443584982323,0.443584982323,0.00690375961539,H,H,2.29,1.29,1.29
1995,I1,2014-12-08,0.353684378737,0.304704673675,0.341610947588,0.353684378737,-0.012615987563,A,A,2.73,1.73,1.81
1996,E1,2011-04-09,0.229471208422,0.290151256867,0.480377534711,0.480377534711,-0.0543818235777,H,H,1.87,0.87,
1997,SC0,2010-03-06,0.204883966793,0.280105125501,0.515010907706,0.515010907706,-0.0436483101714,H,H,1.79,0.79,
1998,SC0,2009-12-05,0.657773401192,0.212679990581,0.129546608227,0.657773401192,-0.0464519509204,A,A,1.42,0.42,
1999,E1,2012-11-10,0.302715925762,0.273285119943,0.423998954295,0.423998954295,-0.0347166420354,H,H,2.18,1.18,1.28
2000,SC0,2011-04-09,0.244858910789,0.267804792533,0.487336296679,0.487336296679,-0.0151762661352,H,D,1.99,-1.0,-1.0
2001,E0,2017-01-14,0.322584896526,0.278788455767,0.398626647707,0.398626647707,-0.0215414195202,H,H,2.38,1.38,1.41
2002,I1,2013-12-22,0.481418331172,0.258327488054,0.260254180774,0.481418331172,-0.0533410271168,A,A,1.87,0.87,0.94
2003,D1,2011-05-14,0.271236823878,0.23830182307,0.490461353052,0.490461353052,0.000265274620168,H,H,2.04,1.04,
2004,SC0,2015-04-13,0.397289815465,0.29484674063,0.307863443905,0.397289815465,-0.0300606118851,A,A,2.34,1.34,1.4
2005,E0,2014-05-05,0.714949842159,0.170132484151,0.11491767369,0.714949842159,-0.0096878390005,A,D,1.38,-1.0,-1.0
2006,E0,2010-04-18,0.545531344156,0.268903640631,0.185565015212,0.545531344156,-0.0605292619041,A,A,1.65,0.65,
2007,I1,2014-05-18,0.0863149996509,0.124212072853,0.789472927496,0.789472927496,0.0082229274963,H,H,1.28,0.28,0.31
2008,SP1,2011-04-10,0.239889832531,0.281849330828,0.47826083664,0.47826083664,-0.014350000798,H,H,2.03,1.03,
2009,SP1,2010-03-27,0.368244837496,0.275033981121,0.356721181383,0.368244837496,-0.0519232297305,A,H,2.38,-1.0,-1.0
2010,I1,2012-04-28,0.203386714172,0.318075263832,0.478538021995,0.478538021995,-0.0316660596374,H,D,1.96,-1.0,-1.0
2011,F1,2015-04-25,0.2464589432,0.30692102846,0.44662002834,0.44662002834,-0.034149202429,H,D,2.08,-1.0,-1.0
2012,I1,2010-01-10,0.165238543615,0.273106780553,0.561654675832,0.561654675832,-0.0335834194061,H,H,1.68,0.68,
2013,SC0,2010-02-17,0.382666122635,0.272951739082,0.344382138283,0.382666122635,-0.0559303685927,A,H,2.28,-1.0,-1.0
2014,F1,2015-03-15,0.478619025028,0.283810270106,0.237570704865,0.478619025028,-0.0368448924975,A,H,1.94,-1.0,-1.0
2015,F1,2010-04-07,0.0801460105292,0.227249899805,0.692604089666,0.692604089666,-0.0426900279811,H,H,1.36,0.36,
2016,E1,2013-03-09,0.33844414696,0.24473702909,0.41681882395,0.41681882395,0.0380309451621,H,H,2.64,1.64,1.61
2017,I1,2011-12-11,0.4786465313,0.289280560104,0.232072908596,0.4786465313,-0.0421868020337,A,D,1.92,-1.0,-1.0
2018,SP1,2013-05-19,0.0771914284705,0.136023199406,0.786785372124,0.786785372124,-0.000616202679384,H,H,1.27,0.27,0.28
2019,E1,2013-02-23,0.354334302131,0.274976525865,0.370689172004,0.370689172004,-0.0124525904482,H,H,2.61,1.61,1.82
2020,E1,2017-05-07,0.167874982385,0.214707579593,0.617417438022,0.617417438022,-0.0154939543833,H,H,1.58,0.58,0.6
2021,E0,2009-12-28,0.316677846861,0.2952303437,0.388091809439,0.388091809439,-0.0234308243061,H,A,2.43,-1.0,-1.0
2022,SC0,2014-11-08,0.276348405614,0.274048318456,0.449603275929,0.449603275929,-0.0358336172745,H,H,2.06,1.06,1.07
2023,F1,2012-03-18,0.302286462229,0.301266246333,0.396447291438,0.396447291438,-0.0219627504032,H,H,2.39,1.39,
2024,SP1,2009-11-22,0.428193032001,0.300645375246,0.271161592753,0.428193032001,-0.041290536074,A,A,2.13,1.13,
2025,E1,2014-04-12,0.158111225798,0.255547149821,0.586341624381,0.586341624381,-0.0234144731804,H,H,1.64,0.64,0.65
2026,E0,2013-03-04,0.653812779309,0.200473542059,0.145713678632,0.653812779309,-0.0264593295345,A,A,1.47,0.47,0.5
2027,F1,2014-02-08,0.254020114356,0.299734024,0.446245861645,0.446245861645,-0.0322230378768,H,A,2.09,-1.0,-1.0
2028,SC0,2017-04-05,0.0298364792905,0.12084021715,0.84932330356,0.84932330356,0.00186567644129,H,D,1.18,-1.0,-1.0
2029,E1,2015-05-02,0.100654140779,0.177411151923,0.721934707298,0.721934707298,-0.00799230000137,H,H,1.37,0.37,0.39
2030,E1,2016-04-15,0.157600284936,0.216545042562,0.625854672503,0.625854672503,-0.0151709685228,H,H,1.56,0.56,0.56
2031,E0,2011-11-26,0.299298633212,0.305047909796,0.395653456992,0.395653456992,-0.0630621393383,H,H,2.18,1.18,
2032,E2,2017-02-25,0.564344634669,0.253918605429,0.181736759902,0.564344634669,-0.0491522978461,A,A,1.63,0.63,0.66
2033,SP1,2014-03-09,0.442843085853,0.266772749063,0.290384165084,0.442843085853,-0.0402487015869,A,A,2.07,1.07,1.09
2034,I1,2011-12-11,0.245058880726,0.321410849896,0.433530269378,0.433530269378,-0.0566658090533,H,D,2.04,-1.0,-1.0
2035,E1,2017-04-01,0.331726190784,0.261066189667,0.407207619549,0.407207619549,-0.0333210148122,H,H,2.27,1.27,1.31
2036,I1,2016-02-20,0.293166346393,0.286718559554,0.420115094053,0.420115094053,-5.29731737653e-05,H,H,2.38,1.38,1.43
2037,E2,2011-02-19,0.333546472407,0.277719471205,0.388734056388,0.388734056388,-0.0279326102786,H,A,2.4,-1.0,-1.0
2038,SP1,2015-04-18,0.0319176057271,0.0634882960822,0.904594098191,0.904594098191,0.0350288807994,H,H,1.15,0.15,0.18
2039,I1,2017-04-02,0.126395403772,0.205572496881,0.668032099346,0.668032099346,0.00136543267949,H,H,1.5,0.5,0.51
2040,F1,2014-05-10,0.355568245528,0.313965818681,0.330465935791,0.355568245528,-0.0189635896777,A,A,2.67,1.67,1.66
2041,SC0,2012-11-17,0.257093105313,0.268066275442,0.474840619245,0.474840619245,-0.0226718185662,H,D,2.01,-1.0,-1.0
2042,E1,2010-03-06,0.244412348508,0.267081625067,0.488506026424,0.488506026424,-0.0140065363899,H,H,1.99,0.99,
2043,D1,2013-11-10,0.393033271537,0.27721097008,0.329755758383,0.393033271537,-0.0324986433565,A,A,2.35,1.35,1.42
2044,E1,2013-03-09,0.284440457753,0.267430177355,0.448129364892,0.448129364892,-0.0105862314388,H,H,2.18,1.18,1.22
2045,E0,2011-01-02,0.0440760815165,0.152926076634,0.80299784185,0.80299784185,0.0029978418496,H,D,1.25,-1.0,-1.0
2046,I1,2016-12-18,0.258223100072,0.303515982103,0.438260917826,0.438260917826,-0.0617390821742,H,H,2.0,1.0,1.01
2047,F1,2013-11-30,0.43989661442,0.309892435649,0.250210949932,0.43989661442,-0.0431951730198,A,A,2.07,1.07,1.12
2048,SP1,2010-12-12,0.188167509282,0.25599009136,0.555842399357,0.555842399357,-0.02895292228,H,A,1.71,-1.0,-1.0
2049,E2,2016-11-12,0.46127557562,0.27213040489,0.26659401949,0.46127557562,-0.0362368621909,A,H,2.01,-1.0,-1.0
2050,E1,2012-03-06,0.173081318143,0.274856366813,0.552062315044,0.552062315044,-0.0576937825173,H,H,1.64,0.64,
2051,E2,2012-03-20,0.334443455854,0.286351516051,0.379205028095,0.379205028095,-0.0272990369455,H,A,2.46,-1.0,-1.0
2052,E2,2015-03-28,0.2262589468,0.277930619368,0.495810433832,0.495810433832,-0.0506376536001,H,H,1.83,0.83,0.9
2053,SC0,2012-01-14,0.0544809587856,0.141035079261,0.804483961953,0.804483961953,-0.00852416812837,H,H,1.23,0.23,
2054,E1,2010-03-27,0.349591069275,0.268021430552,0.382387500173,0.382387500173,-0.000754262279045,H,A,2.61,-1.0,-1.0
2055,D1,2011-04-16,0.280371199052,0.271785469785,0.447843331163,0.447843331163,-0.0260903181261,H,D,2.11,-1.0,-1.0
2056,SP1,2016-11-20,0.248704019629,0.289834529528,0.461461450844,0.461461450844,-0.00582826878238,H,H,2.14,1.14,1.15
2057,SP1,2015-01-04,0.299324410932,0.286386785028,0.41428880404,0.41428880404,-0.0301556404045,H,A,2.25,-1.0,-1.0
2058,F1,2017-05-20,0.336535141777,0.27718321827,0.386281639953,0.386281639953,-0.013718360047,H,D,2.5,-1.0,-1.0
2059,I1,2016-04-20,0.116662569244,0.2058242415,0.677513189256,0.677513189256,-0.00741831759364,H,H,1.46,0.46,0.47
2060,SP1,2011-12-11,0.203401837716,0.249876024861,0.546722137423,0.546722137423,-0.00883341813234,H,D,1.8,-1.0,-1.0
2061,SP1,2017-01-14,0.0201480374977,0.146653230788,0.833198731714,0.833198731714,0.0067524507224,H,H,1.21,0.21,0.22
2062,I1,2012-01-15,0.25929091064,0.253735953174,0.486973136186,0.486973136186,0.0240101732233,H,A,2.16,-1.0,-1.0
2063,SP1,2011-05-21,0.303826447029,0.360124258644,0.336049294327,0.360124258644,0.00170131957545,D,A,2.79,-1.0,-1.0
2064,I1,2015-01-10,0.23982003712,0.281495735606,0.478684227275,0.478684227275,-0.00440756016476,H,D,2.07,-1.0,-1.0
2065,E2,2010-11-13,0.210548180944,0.274688315906,0.51476350315,0.51476350315,-0.0502082482629,H,H,1.77,0.77,
2066,SP1,2011-05-07,0.157329830195,0.229934617388,0.612735552416,0.612735552416,-0.0324257379064,H,H,1.55,0.55,
2067,SP1,2012-03-31,0.164775205229,0.230154845208,0.605069949562,0.605069949562,-0.00468614799853,H,A,1.64,-1.0,-1.0
2068,I1,2014-03-02,0.218334367375,0.287816862834,0.493848769791,0.493848769791,-0.0324670196825,H,A,1.9,-1.0,-1.0
2069,I1,2017-04-02,0.454844111276,0.274418755213,0.270737133511,0.454844111276,-0.0282476761639,A,A,2.07,1.07,1.09
2070,I1,2014-04-06,0.182813579988,0.289957353546,0.527229066467,0.527229066467,-0.0610062276511,H,H,1.7,0.7,0.71
2071,SP1,2017-02-28,0.220987365937,0.291313124565,0.487699509499,0.487699509499,-0.0587485779329,H,D,1.83,-1.0,-1.0
2072,E2,2012-04-10,0.497555424567,0.273318398924,0.229126176509,0.497555424567,-0.0580001309889,A,A,1.8,0.8,
2073,F1,2012-04-29,0.23673761474,0.292419586899,0.470842798361,0.470842798361,-0.031669764453,H,H,1.99,0.99,
2074,E1,2016-01-01,0.384280013007,0.326204785321,0.289515201672,0.384280013007,-0.0222240520338,A,A,2.46,1.46,1.49
2075,E2,2012-12-15,0.359392533448,0.285854114409,0.354753352143,0.359392533448,-0.0179659571181,A,A,2.65,1.65,1.63
2076,SP1,2010-03-06,0.770944666353,0.153616245047,0.0754390886001,0.770944666353,-0.0164569084499,A,D,1.27,-1.0,-1.0
2077,D1,2010-04-25,0.407939106104,0.27854120153,0.313519692366,0.407939106104,-0.0425113443464,A,H,2.22,-1.0,-1.0
2078,I1,2016-02-03,0.315086795897,0.300948423629,0.383964780473,0.383964780473,-0.0309729788628,H,H,2.41,1.41,1.47
2079,I1,2013-04-07,0.181421618777,0.272564067047,0.546014314177,0.546014314177,-0.0221675040053,H,H,1.76,0.76,0.83
2080,SC0,2013-11-09,0.196661510372,0.251922793283,0.551415696345,0.551415696345,-0.0167661218373,H,H,1.76,0.76,0.79
2081,E2,2014-11-15,0.278985713383,0.281758076593,0.439256210024,0.439256210024,-0.053354627414,H,A,2.03,-1.0,-1.0
2082,SC0,2015-12-12,0.346198302311,0.287947724017,0.365853973672,0.365853973672,-0.0390043259231,H,H,2.47,1.47,1.63
2083,E0,2015-02-28,0.40253302916,0.299792264289,0.297674706551,0.40253302916,-0.028501453599,A,H,2.32,-1.0,-1.0
2084,E0,2017-05-16,0.00639858399582,0.0186529254994,0.974948490505,0.974948490505,0.0575172978443,H,H,1.09,0.09,0.1
2085,F1,2016-04-09,0.0694136298263,0.153146794579,0.777439575595,0.777439575595,-0.00381042440489,H,H,1.28,0.28,0.28
2086,SP1,2016-01-16,0.164594117856,0.246301643599,0.589104238545,0.589104238545,-0.0320137738771,H,H,1.61,0.61,0.63
2087,E2,2014-11-22,0.165539994091,0.263309077925,0.571150927984,0.571150927984,-0.0577798896261,H,H,1.59,0.59,0.63
2088,SP1,2013-03-31,0.209805484891,0.3046080674,0.485586447709,0.485586447709,-0.0858421237193,H,D,1.75,-1.0,-1.0
2089,E1,2011-04-25,0.216897255994,0.262876364804,0.520226379202,0.520226379202,-0.0384328386749,H,H,1.79,0.79,
2090,I1,2017-05-06,0.0114386207883,0.0386747288687,0.949886650343,0.949886650343,0.0489857494421,H,H,1.11,0.11,0.13
2091,E1,2012-11-17,0.297278769302,0.263948260094,0.438772970605,0.438772970605,-0.00965752266869,H,H,2.23,1.23,1.21
2092,I1,2015-11-08,0.184220057845,0.257429750592,0.558350191563,0.558350191563,-0.0264451300746,H,H,1.71,0.71,0.72
2093,E1,2016-11-05,0.163583500959,0.260909197398,0.575507301643,0.575507301643,-0.0417766489739,H,H,1.62,0.62,0.61
2094,SC0,2012-11-03,0.34091882421,0.299614204161,0.359466971629,0.359466971629,-0.0486962936769,H,A,2.45,-1.0,-1.0
2095,SP1,2013-05-20,0.347617209166,0.255296626531,0.397086164304,0.397086164304,0.000260767478406,H,H,2.52,1.52,1.6
2096,E2,2012-04-09,0.37858278013,0.285362514375,0.336054705495,0.37858278013,-0.0415852870968,A,D,2.38,-1.0,-1.0
2097,E2,2011-11-19,0.35502841745,0.266422414649,0.3785491679,0.3785491679,0.010902109077,H,D,2.72,-1.0,-1.0
2098,E0,2011-03-05,0.313867248642,0.322790964045,0.363341787313,0.363341787313,-0.0658427620437,H,A,2.33,-1.0,-1.0
2099,E2,2017-01-21,0.398286697388,0.262433729685,0.339279572927,0.398286697388,-0.0422419369728,A,D,2.27,-1.0,-1.0
2100,F1,2013-12-08,0.240435015446,0.288713750278,0.470851234276,0.470851234276,-0.0193448441556,H,D,2.04,-1.0,-1.0
2101,E1,2013-11-02,0.408415654038,0.285722485624,0.305861860338,0.408415654038,-0.0380129173903,A,D,2.24,-1.0,-1.0
2102,F1,2016-11-05,0.0974248027285,0.210091329451,0.692483867821,0.692483867821,-0.0117414842917,H,H,1.42,0.42,0.44
2103,E1,2016-12-31,0.127156723419,0.24902693225,0.623816344331,0.623816344331,-0.0131263308287,H,D,1.57,-1.0,-1.0
2104,F1,2013-11-30,0.130039321766,0.228937802652,0.641022875581,0.641022875581,-0.0212287800478,H,H,1.51,0.51,0.54
2105,F1,2015-12-02,0.234041203139,0.29770222562,0.468256571242,0.468256571242,-0.060843957859,H,D,1.89,-1.0,-1.0
2106,D1,2011-04-01,0.407206319774,0.246685346509,0.346108333717,0.407206319774,-0.0494146847924,A,A,2.19,1.19,
2107,E1,2014-12-26,0.356208383885,0.285254162633,0.358537453482,0.358537453482,-0.00117477673406,H,A,2.78,-1.0,-1.0
2108,I1,2014-05-18,0.532937507668,0.243599097259,0.223463395073,0.532937507668,-0.0450971744131,A,H,1.73,-1.0,-1.0
2109,SC0,2017-05-17,0.35913538848,0.301255083302,0.339609528218,0.35913538848,-0.0018754418451,A,A,2.77,1.77,1.85
2110,D1,2014-02-15,0.27277235444,0.245832304017,0.481395341543,0.481395341543,-0.0161170962679,H,H,2.01,1.01,1.08
2111,E0,2012-01-31,0.535798382167,0.263118339161,0.201083278672,0.535798382167,-0.0524369119505,A,A,1.7,0.7,
2112,D1,2010-12-04,0.312234376018,0.289620497457,0.398145126524,0.398145126524,-0.0648178364385,H,D,2.16,-1.0,-1.0
2113,SP1,2012-05-05,0.716446262823,0.167371894442,0.116181842735,0.716446262823,-0.0242944779178,A,A,1.35,0.35,
2114,E0,2014-03-16,0.338551549013,0.288697360297,0.37275109069,0.37275109069,-0.033752974351,H,A,2.46,-1.0,-1.0
2115,D1,2013-12-14,0.254124985937,0.268598193921,0.477276820142,0.477276820142,-0.0355436926789,H,D,1.95,-1.0,-1.0
2116,E0,2016-04-20,0.201027224218,0.230667146803,0.568305628979,0.568305628979,-0.0234103473521,H,H,1.69,0.69,0.7
2117,E1,2016-01-30,0.212452449,0.238138337037,0.549409213963,0.549409213963,0.00593095309343,H,A,1.84,-1.0,-1.0
2118,E2,2010-11-02,0.333139135067,0.272837733956,0.394023130977,0.394023130977,-0.0297056825823,H,A,2.36,-1.0,-1.0
2119,E0,2016-03-02,0.0793941409713,0.185069579226,0.735536279803,0.735536279803,0.00024216215606,H,A,1.36,-1.0,-1.0
2120,F1,2013-01-12,0.198059064304,0.264935817973,0.537005117723,0.537005117723,0.00224575943414,H,H,1.87,0.87,0.87
2121,SC0,2010-11-20,0.0661242248854,0.171190139972,0.762685635143,0.762685635143,-0.0247159396603,H,D,1.27,-1.0,-1.0
2122,D1,2010-11-20,0.23590029821,0.239707771756,0.524391930034,0.524391930034,0.00892801250798,H,A,1.94,-1.0,-1.0
2123,I1,2017-02-12,0.521488637437,0.257028516684,0.221482845879,0.521488637437,-0.0403091153719,A,A,1.78,0.78,0.78
2124,F1,2014-12-02,0.478713263783,0.276461709586,0.244825026631,0.478713263783,-0.0394214512425,A,D,1.93,-1.0,-1.0
2125,E1,2016-02-13,0.242798714718,0.240032982494,0.517168302788,0.517168302788,0.0146557399742,H,H,1.99,0.99,0.99
2126,F1,2015-02-07,0.309904391751,0.278948257868,0.411147350381,0.411147350381,0.00298408507443,H,A,2.45,-1.0,-1.0
2127,SC0,2010-04-04,0.351781829038,0.286402808625,0.361815362337,0.361815362337,-0.0257815368881,H,H,2.58,1.58,
2128,I1,2010-11-10,0.193298106807,0.272970745182,0.533731148011,0.533731148011,-0.0249280698664,H,H,1.79,0.79,
2129,SP1,2016-12-18,0.142363931219,0.224866828286,0.632769240495,0.632769240495,-0.00417343466442,H,H,1.57,0.57,0.59
2130,I1,2015-01-24,0.213531989199,0.264361893118,0.522106117683,0.522106117683,0.00397140265676,H,H,1.93,0.93,0.96
2131,E2,2012-01-06,0.510771293934,0.257686744087,0.23154196198,0.510771293934,-0.0510264588753,A,A,1.78,0.78,
2132,E0,2011-12-17,0.150066705186,0.239831873933,0.610101420881,0.610101420881,-0.00339551163417,H,H,1.63,0.63,
2133,F1,2011-05-18,0.0911851294044,0.207477799787,0.701337070809,0.701337070809,-0.0285899364906,H,H,1.37,0.37,
2134,E2,2014-02-04,0.320222219083,0.285831042539,0.393946738378,0.393946738378,-0.0334036889725,H,A,2.34,-1.0,-1.0
2135,E1,2011-04-09,0.302976349129,0.280836858172,0.4161867927,0.4161867927,-0.0224096985284,H,H,2.28,1.28,
2136,SP1,2012-05-02,0.18663251273,0.247358260881,0.566009226389,0.566009226389,-0.0120254556918,H,A,1.73,-1.0,-1.0
2137,E1,2014-01-10,0.2425050639,0.268221250485,0.489273685615,0.489273685615,-0.0235468272058,H,H,1.95,0.95,0.98
2138,SP1,2017-05-13,0.315355483897,0.25392655739,0.430717958713,0.430717958713,0.00698914515363,H,A,2.36,-1.0,-1.0
2139,F1,2010-05-05,0.44489305344,0.281742949176,0.273363997383,0.44489305344,-0.0551069465598,A,D,2.0,-1.0,-1.0
2140,I1,2014-11-09,0.033416813952,0.141734684737,0.824848501311,0.824848501311,0.00517637016306,H,H,1.22,0.22,0.25
2141,E1,2013-11-02,0.374586500622,0.273454910346,0.351958589032,0.374586500622,-0.0473544276485,A,H,2.37,-1.0,-1.0
2142,I1,2016-04-20,0.363401392106,0.308681403053,0.327917204841,0.363401392106,-0.0083458197896,A,D,2.69,-1.0,-1.0
2143,F1,2011-05-07,0.232843957333,0.301647932492,0.465508110175,0.465508110175,-0.0246879682564,H,D,2.04,-1.0,-1.0
2144,I1,2013-04-14,0.362513160188,0.270938610337,0.366548229474,0.366548229474,0.015671036492,H,H,2.85,1.85,1.92
2145,I1,2015-05-23,0.352027700416,0.256371874383,0.391600425201,0.391600425201,0.00249536683498,H,H,2.57,1.57,1.66
2146,E1,2011-12-10,0.161900917213,0.238330314607,0.59976876818,0.59976876818,-0.0175151824373,H,H,1.62,0.62,
2147,E1,2010-12-11,0.258389722048,0.272509170755,0.469101107197,0.469101107197,-0.021094971234,H,A,2.04,-1.0,-1.0
2148,SC0,2015-01-04,0.39326455488,0.263434893144,0.343300551977,0.39326455488,-0.0453319363483,A,D,2.28,-1.0,-1.0
2149,SP1,2015-04-04,0.188159014922,0.24408481533,0.567756169748,0.567756169748,-0.0069564739302,H,H,1.74,0.74,0.79
2150,D1,2014-03-01,0.373318056809,0.281675664497,0.345006278694,0.373318056809,-0.0203827305924,A,H,2.54,-1.0,-1.0
2151,I1,2017-02-05,0.293238441384,0.291197407598,0.415564151018,0.415564151018,-0.0154703317409,H,H,2.32,1.32,1.38
2152,E1,2011-02-19,0.298386434321,0.282697791449,0.41891577423,0.41891577423,-0.0377052303362,H,D,2.19,-1.0,-1.0
2153,F1,2010-04-10,0.415481259029,0.292390368971,0.292128372,0.415481259029,-0.0411397455372,A,D,2.19,-1.0,-1.0
2154,E2,2015-01-31,0.356937242871,0.327419771363,0.315642985766,0.356937242871,-0.0107098159525,A,H,2.72,-1.0,-1.0
2155,D1,2016-02-20,0.336482327266,0.289846154883,0.373671517851,0.373671517851,-0.0378511158936,H,H,2.43,1.43,1.48
2156,E0,2016-05-08,0.133805266873,0.196155993105,0.670038740022,0.670038740022,-0.00110219957562,H,H,1.49,0.49,0.54
2157,F1,2010-03-07,0.102481502235,0.24399403731,0.653524460455,0.653524460455,-0.0314070463942,H,D,1.46,-1.0,-1.0
2158,D1,2010-01-30,0.222661159814,0.290484164344,0.486854675842,0.486854675842,-0.0507797327602,H,D,1.86,-1.0,-1.0
2159,D1,2013-03-30,0.307423648087,0.295513510877,0.397062841036,0.397062841036,-0.0702268785903,H,D,2.14,-1.0,-1.0
2160,E0,2011-04-09,0.293363188831,0.316283373052,0.390353438117,0.390353438117,-0.0641920164284,H,A,2.2,-1.0,-1.0
2161,E1,2016-05-07,0.316213399223,0.256712240624,0.427074360153,0.427074360153,0.0033455465936,H,H,2.36,1.36,1.41
2162,E1,2015-03-14,0.279303632873,0.279174018645,0.441522348482,0.441522348482,-0.0462825295666,H,D,2.05,-1.0,-1.0
2163,E2,2012-02-25,0.142758395915,0.252084439576,0.605157164509,0.605157164509,-0.0615095021577,H,H,1.5,0.5,
2164,SC0,2015-12-19,0.358547775664,0.280506669593,0.360945554742,0.360945554742,-0.0358798420833,H,D,2.52,-1.0,-1.0
2165,I1,2013-01-06,0.262631471353,0.289238769331,0.448129759316,0.448129759316,-0.0043589284669,H,H,2.21,1.21,1.25
2166,E2,2011-02-02,0.366479597347,0.292543902528,0.340976500125,0.366479597347,-0.0335204026531,A,A,2.5,1.5,
2167,E1,2014-01-11,0.222959582058,0.275362275428,0.501678142514,0.501678142514,-0.0508080453313,H,H,1.81,0.81,0.85
2168,E2,2011-02-26,0.349217086347,0.275216317562,0.375566596092,0.375566596092,-0.0359560376533,H,A,2.43,-1.0,-1.0
2169,E0,2016-02-02,0.215699772122,0.28651936738,0.497780860498,0.497780860498,-0.0341340331187,H,H,1.88,0.88,0.89
2170,E1,2013-03-11,0.359653783626,0.288226565491,0.352119650883,0.359653783626,-0.0177047069404,A,A,2.65,1.65,1.66
2171,E1,2010-02-13,0.338094153564,0.283700912625,0.378204933811,0.378204933811,-0.0154958535908,H,D,2.54,-1.0,-1.0
2172,E1,2010-03-06,0.231516322045,0.249479960762,0.519003717192,0.519003717192,0.00879963555979,H,H,1.96,0.96,
2173,I1,2011-11-27,0.0679309496389,0.200878099093,0.731190951268,0.731190951268,-0.0206887479803,H,H,1.33,0.33,
2174,E0,2013-01-13,0.241134309309,0.277875433524,0.480990257167,0.480990257167,-0.0537691011214,H,H,1.87,0.87,0.95
2175,E0,2014-03-26,0.0323077629895,0.0675367889598,0.900155448051,0.900155448051,0.0380864825335,H,H,1.16,0.16,0.17
2176,E1,2012-11-24,0.265709652091,0.270957076881,0.463333271029,0.463333271029,-0.0468708106041,H,D,1.96,-1.0,-1.0
2177,E1,2013-12-03,0.282292202992,0.279518562817,0.438189234191,0.438189234191,-0.0357444150978,H,D,2.11,-1.0,-1.0
2178,D1,2015-04-25,0.540093000547,0.260205963473,0.199701035979,0.540093000547,-0.0379416815335,A,D,1.73,-1.0,-1.0
2179,SC0,2016-12-13,0.0162778605196,0.048872517713,0.934849621767,0.934849621767,0.0339487208665,H,H,1.11,0.11,0.13
2180,F1,2015-12-05,0.428811637851,0.29645333847,0.274735023679,0.428811637851,-0.0257338166944,A,A,2.2,1.2,1.23
2181,I1,2013-02-17,0.240605660669,0.260371604698,0.499022734634,0.499022734634,-0.00602777041696,H,H,1.98,0.98,1.04
2182,E0,2013-05-04,0.312990131461,0.265821274813,0.421188593726,0.421188593726,-0.00984588903245,H,D,2.32,-1.0,-1.0
2183,SC0,2009-12-26,0.372938860898,0.291200453987,0.335860685116,0.372938860898,-0.0385837728469,A,A,2.43,1.43,
2184,E0,2015-05-18,0.468118070392,0.275679395081,0.256202534527,0.468118070392,-0.034394492422,A,H,1.99,-1.0,-1.0
2185,E1,2017-02-03,0.384635476219,0.306227300397,0.309137223384,0.384635476219,-0.0169709494834,A,A,2.49,1.49,1.54
2186,D1,2012-12-01,0.393112635859,0.271159377792,0.335727986349,0.393112635859,-0.0416699728364,A,A,2.3,1.3,1.37
2187,E0,2017-05-06,0.282916738384,0.24819136563,0.468891895987,0.468891895987,0.0143464414412,H,D,2.2,-1.0,-1.0
2188,SC0,2017-01-31,0.269992605274,0.254469128417,0.475538266309,0.475538266309,-0.0244617336905,H,A,2.0,-1.0,-1.0
2189,F1,2011-04-17,0.438594328693,0.287380555958,0.274025115349,0.438594328693,-0.0492105493556,A,A,2.05,1.05,
2190,F1,2014-12-03,0.375807539299,0.298927429371,0.32526503133,0.375807539299,-0.0323557260075,A,A,2.45,1.45,1.47
2191,E2,2010-11-23,0.229851875879,0.278029389931,0.492118734191,0.492118734191,-0.0543293532412,H,D,1.83,-1.0,-1.0
2192,I1,2010-02-28,0.151096992047,0.278579012867,0.570323995086,0.570323995086,-0.035736610975,H,A,1.65,-1.0,-1.0
2193,I1,2010-01-16,0.178642415651,0.280966495338,0.540391089011,0.540391089011,-0.0277907291708,H,H,1.76,0.76,
2194,E1,2016-02-20,0.336473118454,0.290284506562,0.373242374983,0.373242374983,0.00694200868308,H,H,2.73,1.73,1.82
2195,D1,2014-11-08,0.140517450434,0.197662268846,0.66182028072,0.66182028072,-0.00484638594685,H,D,1.5,-1.0,-1.0
2196,E1,2012-11-17,0.341266913293,0.27907250594,0.379660580767,0.379660580767,-0.0124962819778,H,A,2.55,-1.0,-1.0
2197,E0,2013-04-16,0.180294654168,0.225052541744,0.594652804088,0.594652804088,0.0132574552507,H,D,1.72,-1.0,-1.0
2198,E0,2013-05-12,0.347805412142,0.304149433445,0.348045154412,0.348045154412,-0.0250891739458,H,D,2.68,-1.0,-1.0
2199,F1,2010-05-08,0.0755888612114,0.225289034811,0.699122103977,0.699122103977,-0.0416186367632,H,D,1.35,-1.0,-1.0
2200,SP1,2013-04-20,0.0414484299483,0.106843499238,0.851708070814,0.851708070814,0.0183747374803,H,H,1.2,0.2,0.22
2201,SP1,2011-05-15,0.519066376875,0.243292495471,0.237641127653,0.519066376875,-0.045905374537,A,A,1.77,0.77,
2202,E0,2015-01-10,0.242277017167,0.295400500204,0.46232248263,0.46232248263,-0.0327270223207,H,H,2.02,1.02,1.04
2203,SC0,2014-05-11,0.071869217093,0.165474080324,0.762656702583,0.762656702583,-0.0125370958664,H,H,1.29,0.29,0.3
2204,E0,2016-03-05,0.283132910601,0.250695898217,0.466171191182,0.466171191182,0.042442377623,H,D,2.36,-1.0,-1.0
2205,D1,2012-01-28,0.324906941106,0.300569513443,0.374523545451,0.374523545451,-0.0492052681083,H,A,2.36,-1.0,-1.0
2206,D1,2015-05-10,0.34442524411,0.283308850719,0.372265905171,0.372265905171,0.00994706459086,H,H,2.76,1.76,1.9
2207,E1,2016-11-05,0.277589235562,0.278469508154,0.443941256284,0.443941256284,-0.00854743149863,H,D,2.21,-1.0,-1.0
2208,E1,2011-03-19,0.448474777171,0.277248951413,0.274276271417,0.448474777171,-0.039330100878,A,A,2.05,1.05,
2209,E0,2015-02-22,0.337942341228,0.309706101584,0.352351557188,0.352351557188,-0.0492548685151,H,A,2.49,-1.0,-1.0
2210,SP1,2012-03-11,0.817589891458,0.122012601105,0.060397507437,0.817589891458,0.00458176137695,A,A,1.23,0.23,
2211,SP1,2015-05-02,0.437327094108,0.288189317316,0.274483588575,0.437327094108,-0.0321564739666,A,D,2.13,-1.0,-1.0
2212,E2,2010-01-30,0.17084780776,0.267621032173,0.561531160067,0.561531160067,-0.0557527905503,H,H,1.62,0.62,
2213,D1,2014-02-22,0.707753228848,0.1542739067,0.137972864452,0.707753228848,-0.022173778451,A,H,1.37,-1.0,-1.0
2214,SP1,2014-03-09,0.303924288304,0.291629575662,0.404446136034,0.404446136034,-0.0439843572396,H,D,2.23,-1.0,-1.0
2215,F1,2011-01-29,0.305092487128,0.31043001598,0.384477496892,0.384477496892,-0.0236857684139,H,H,2.45,1.45,
2216,D1,2013-04-13,0.326924820307,0.296256248583,0.37681893111,0.37681893111,-0.0505314962402,H,D,2.34,-1.0,-1.0
2217,SP1,2016-01-18,0.191575661214,0.258640540414,0.549783798372,0.549783798372,-0.00887541950472,H,H,1.79,0.79,0.81
2218,SP1,2010-05-08,0.18591961289,0.230190394863,0.583889992247,0.583889992247,-0.0185196463073,H,D,1.66,-1.0,-1.0
2219,I1,2014-11-23,0.480251194844,0.282308499501,0.237440305655,0.480251194844,-0.0352127226819,A,D,1.94,-1.0,-1.0
2220,D1,2010-04-09,0.320391155021,0.277303279997,0.402305564982,0.402305564982,-0.0214232485776,H,H,2.36,1.36,
2221,F1,2012-02-04,0.218953066759,0.281414005615,0.499632927626,0.499632927626,-0.00541757742487,H,H,1.98,0.98,
2222,E1,2017-04-08,0.400803736133,0.291237538749,0.307958725118,0.400803736133,-0.0358774865748,A,D,2.29,-1.0,-1.0
2223,I1,2016-11-19,0.0224470080873,0.0653089310816,0.912244060831,0.912244060831,0.0426788434398,H,H,1.15,0.15,0.17
2224,E0,2013-11-30,0.147332398069,0.237578986633,0.615088615297,0.615088615297,-0.0138422023128,H,H,1.59,0.59,0.6
2225,E1,2016-04-12,0.274292438019,0.315713360576,0.409994201405,0.409994201405,-0.0778106766439,H,A,2.05,-1.0,-1.0
2226,SP1,2011-04-10,0.228665760642,0.285557234729,0.485777004629,0.485777004629,-0.037783204795,H,D,1.91,-1.0,-1.0
2227,E0,2015-02-28,0.229260936171,0.289442080669,0.481296983159,0.481296983159,-0.0315235296611,H,H,1.95,0.95,0.95
2228,E0,2016-04-09,0.424205655613,0.282130813866,0.293663530521,0.424205655613,-0.0282830321697,A,D,2.21,-1.0,-1.0
2229,SP1,2013-02-16,0.788156849542,0.123365324706,0.0884778257525,0.788156849542,0.000755274738789,A,A,1.27,0.27,0.28
2230,E0,2012-05-06,0.222040946908,0.256838889546,0.521120163546,0.521120163546,-0.0194203769947,H,H,1.85,0.85,
2231,E2,2015-02-21,0.319283339293,0.282183349174,0.398533311533,0.398533311533,-0.0400631796947,H,H,2.28,1.28,1.36
2232,E2,2013-11-23,0.311629379322,0.29512339005,0.393247230629,0.393247230629,-0.067582262459,H,D,2.17,-1.0,-1.0
2233,E1,2011-02-15,0.156596002819,0.241230818436,0.602173178745,0.602173178745,-0.0228268212551,H,D,1.6,-1.0,-1.0
2234,F1,2016-01-31,0.299206237185,0.318951924454,0.381841838361,0.381841838361,-0.0567546528673,H,H,2.28,1.28,1.38
2235,E2,2013-11-26,0.347729472279,0.300250249218,0.352020278503,0.352020278503,-0.0432366384931,H,D,2.53,-1.0,-1.0
2236,E0,2015-05-24,0.156878709797,0.198865758451,0.644255531752,0.644255531752,0.00322989072667,H,H,1.56,0.56,0.6
2237,D1,2012-11-17,0.339686680423,0.270356293591,0.389957025987,0.389957025987,-0.0165470390541,H,A,2.46,-1.0,-1.0
2238,I1,2013-03-10,0.192472872494,0.265779853224,0.541747274282,0.541747274282,-0.0329653693962,H,A,1.74,-1.0,-1.0
2239,E1,2010-02-23,0.360638821068,0.295475865495,0.343885313437,0.360638821068,-0.0239765635474,A,D,2.6,-1.0,-1.0
2240,E0,2011-02-27,0.111319977684,0.229366596253,0.659313426063,0.659313426063,-0.00735324060358,H,D,1.5,-1.0,-1.0
2241,E0,2011-11-26,0.390185651794,0.278885554586,0.33092879362,0.390185651794,-0.031755276476,A,A,2.37,1.37,
2242,E0,2015-04-18,0.179636500712,0.258472716728,0.561890782561,0.561890782561,-0.0229045390768,H,H,1.71,0.71,0.76
2243,E2,2011-11-19,0.357025859995,0.303058796663,0.339915343343,0.357025859995,-0.0147213519014,A,A,2.69,1.69,
2244,SC0,2012-05-13,0.476544533133,0.269145652433,0.254309814434,0.476544533133,-0.0497712563409,A,A,1.9,0.9,
2245,E0,2014-04-13,0.515827363424,0.273569173966,0.21060346261,0.515827363424,-0.042831854453,A,A,1.79,0.79,0.85
2246,E1,2014-12-05,0.292173348189,0.234384641267,0.473442010544,0.473442010544,0.0250115172704,H,A,2.23,-1.0,-1.0
2247,I1,2011-05-15,0.660760234625,0.19572787599,0.143511889385,0.660760234625,-0.0586642258067,A,A,1.39,0.39,
2248,F1,2012-12-11,0.308920707141,0.296336200594,0.394743092264,0.394743092264,-0.0307888226293,H,H,2.35,1.35,1.4
2249,E1,2010-11-27,0.265366937194,0.272714446916,0.461918615889,0.461918615889,-0.0211731715501,H,H,2.07,1.07,
2250,E1,2016-01-01,0.270688379264,0.281794520554,0.447517100182,0.447517100182,-0.0154458627805,H,A,2.16,-1.0,-1.0
2251,E1,2012-01-02,0.381126751281,0.285074950717,0.333798298001,0.381126751281,-0.042602062278,A,D,2.36,-1.0,-1.0
2252,I1,2010-03-24,0.19942253834,0.257368502727,0.543208958933,0.543208958933,-0.00927722891259,H,H,1.81,0.81,
2253,F1,2010-05-05,0.138300730168,0.259739201769,0.601960068063,0.601960068063,-0.0432012222595,H,D,1.55,-1.0,-1.0
2254,E2,2011-11-26,0.191587376172,0.255427694771,0.552984929057,0.552984929057,-0.0422531661812,H,H,1.68,0.68,
2255,E0,2011-12-26,0.0376424608684,0.174882970602,0.787474568529,0.787474568529,-0.0125254314705,H,D,1.25,-1.0,-1.0
2256,F1,2017-04-07,0.322096544961,0.315407829588,0.362495625451,0.362495625451,-0.0206461370008,H,A,2.61,-1.0,-1.0
2257,SP1,2017-03-08,0.243390887294,0.273504915948,0.483104196758,0.483104196758,0.00463529723622,H,D,2.09,-1.0,-1.0
2258,SP1,2012-02-19,0.22794519871,0.272119208761,0.499935592529,0.499935592529,-0.0348237657602,H,H,1.87,0.87,
2259,SP1,2014-01-12,0.722988698263,0.137709033636,0.139302268101,0.722988698263,-0.0177520424774,A,A,1.35,0.35,0.38
2260,I1,2011-02-02,0.303582663638,0.304370369983,0.392046966379,0.392046966379,-0.017789099195,H,D,2.44,-1.0,-1.0
2261,I1,2012-01-21,0.0760748013945,0.210996096472,0.712929102134,0.712929102134,-0.0169979051656,H,H,1.37,0.37,
2262,D1,2011-12-03,0.0765263505033,0.163143334665,0.760330314832,0.760330314832,-0.00890045439916,H,H,1.3,0.3,
2263,SC0,2012-12-23,0.311243162082,0.298902078323,0.389854759594,0.389854759594,-0.0411797231643,H,H,2.32,1.32,1.35
2264,SP1,2013-05-18,0.51815125046,0.259130420468,0.222718329073,0.51815125046,-0.0468205009527,A,A,1.77,0.77,0.78
2265,F1,2010-11-07,0.266142380078,0.303698548548,0.430159071373,0.430159071373,-0.0393244967017,H,A,2.13,-1.0,-1.0
2266,E2,2012-03-17,0.465265551144,0.269330084954,0.265404363902,0.465265551144,-0.0582946582805,A,D,1.91,-1.0,-1.0
2267,SP1,2014-03-29,0.727900147808,0.145628600694,0.126471251498,0.727900147808,-0.0183685089083,A,A,1.34,0.34,0.36
2268,I1,2010-05-16,0.273408432728,0.316999437831,0.409592129441,0.409592129441,-0.0491234668897,H,H,2.18,1.18,
2269,SP1,2012-05-12,0.353795167543,0.261156659305,0.385048173152,0.385048173152,0.0291762870313,H,H,2.81,1.81,
2270,F1,2012-11-25,0.287719049949,0.290982041366,0.421298908685,0.421298908685,-0.0192297256762,H,H,2.27,1.27,1.37
2271,E2,2010-11-02,0.418170775258,0.2714847352,0.310344489542,0.418170775258,-0.0363746792871,A,A,2.2,1.2,
2272,E2,2015-03-17,0.220051505736,0.265243485534,0.51470500873,0.51470500873,-0.0470927440789,H,A,1.78,-1.0,-1.0
2273,F1,2016-04-03,0.258315511472,0.30658775518,0.435096733348,0.435096733348,0.0131558050775,H,A,2.37,-1.0,-1.0
2274,D1,2015-03-07,0.630425303889,0.208392156416,0.161182539695,0.630425303889,-0.0231694673529,A,D,1.53,-1.0,-1.0
2275,F1,2011-05-29,0.233369189026,0.334932739193,0.431698071781,0.431698071781,-0.0633514331693,H,A,2.02,-1.0,-1.0
2276,F1,2016-02-13,0.237996543774,0.28992826503,0.472075191196,0.472075191196,-0.00639370832543,H,H,2.09,1.09,1.11
2277,SP1,2010-03-07,0.341337775573,0.271585435411,0.387076789016,0.387076789016,-0.00818012798009,H,D,2.53,-1.0,-1.0
2278,I1,2011-11-26,0.337573422585,0.323940949242,0.338485628173,0.338485628173,-0.052139371827,H,A,2.56,-1.0,-1.0
2279,E1,2017-03-11,0.241082447384,0.270946685372,0.487970867244,0.487970867244,-0.0222332143891,H,D,1.96,-1.0,-1.0
2280,E0,2012-12-29,0.602674470683,0.220432264885,0.176893264432,0.602674470683,-0.0424868196393,A,A,1.55,0.55,0.57
2281,SP1,2010-05-16,0.0751478237947,0.159546637906,0.7653055383,0.7653055383,-0.00988826014981,H,H,1.29,0.29,
2282,SP1,2013-03-17,0.448073476587,0.296270936654,0.255655586759,0.448073476587,-0.0258601727023,A,A,2.11,1.11,1.17
2283,E2,2012-04-28,0.460487961248,0.286320140053,0.253191898699,0.460487961248,-0.0549759562782,A,A,1.94,0.94,
2284,E1,2011-12-03,0.518811357235,0.257168825953,0.224019816812,0.518811357235,-0.0625839916019,A,H,1.72,-1.0,-1.0
2285,F1,2015-04-24,0.103242211786,0.170453213389,0.726304574825,0.726304574825,0.00166689366592,H,A,1.38,-1.0,-1.0
2286,E0,2015-02-07,0.409883646959,0.262185138158,0.327931214883,0.409883646959,-0.0325942291468,A,H,2.26,-1.0,-1.0
2287,E0,2011-11-26,0.0409024584979,0.145671838486,0.813425703016,0.813425703016,0.000417572935134,H,H,1.23,0.23,
2288,SC0,2015-01-21,0.0206927292774,0.0706363988814,0.908670871841,0.908670871841,0.0158137289841,H,H,1.12,0.12,
2289,SC0,2015-04-12,0.568082076849,0.24575732387,0.186160599281,0.568082076849,-0.0569179231506,A,A,1.6,0.6,0.62
2290,E1,2014-03-22,0.278142717429,0.288064590656,0.433792691915,0.433792691915,-0.00288853079199,H,A,2.29,-1.0,-1.0
2291,E0,2011-12-03,0.455089844811,0.285221767952,0.259688387237,0.455089844811,-0.0280019426287,A,A,2.07,1.07,
2292,E0,2015-03-21,0.31048240413,0.289617049407,0.399900546462,0.399900546462,-0.00826271884372,H,A,2.45,-1.0,-1.0
2293,SP1,2011-04-03,0.244913870988,0.292922824617,0.462163304395,0.462163304395,-0.0533006131309,H,A,1.94,-1.0,-1.0
2294,E2,2012-11-10,0.311141975924,0.276149713178,0.412708310899,0.412708310899,-0.0258881803294,H,H,2.28,1.28,1.27
2295,E2,2016-03-05,0.185777371424,0.225918045433,0.588304583143,0.588304583143,-0.0104978120666,H,D,1.67,-1.0,-1.0
2296,D1,2017-05-06,0.356718613544,0.27355242422,0.369728962237,0.369728962237,-0.0119504270763,H,A,2.62,-1.0,-1.0
2297,SC0,2013-04-05,0.328216825001,0.287401976621,0.384381198377,0.384381198377,-0.0411507165162,H,D,2.35,-1.0,-1.0
2298,F1,2012-03-04,0.0433404877737,0.179080390677,0.777579121549,0.777579121549,-0.0224208784511,H,H,1.25,0.25,
2299,E1,2012-11-10,0.335191591604,0.272668686224,0.392139722172,0.392139722172,-0.0352107051787,H,D,2.34,-1.0,-1.0
2300,E2,2011-03-01,0.533013481612,0.253632178194,0.213354340194,0.533013481612,-0.0552218125056,A,H,1.7,-1.0,-1.0
2301,E1,2011-01-29,0.364983945339,0.281330846596,0.353685208065,0.364983945339,-0.0482391951568,A,D,2.42,-1.0,-1.0
2302,SP1,2010-11-28,0.237298123886,0.286663646427,0.476038229687,0.476038229687,-0.0558766639302,H,H,1.88,0.88,
2303,E0,2010-12-26,0.400871267625,0.291152182102,0.307976550273,0.400871267625,-0.0301632151334,A,A,2.32,1.32,
2304,E2,2017-01-28,0.300496123706,0.319709439508,0.379794436785,0.379794436785,-0.070656013665,H,D,2.22,-1.0,-1.0
2305,D1,2015-05-16,0.181495467395,0.199795334507,0.618709198098,0.618709198098,-0.00629080190235,H,H,1.6,0.6,0.63
2306,E1,2011-02-12,0.441295791547,0.277405563893,0.28129864456,0.441295791547,-0.0465090865018,A,A,2.05,1.05,
2307,SC0,2015-01-17,0.699182005409,0.184805507266,0.116012487326,0.699182005409,-0.0307450018907,A,A,1.37,0.37,0.39
2308,I1,2011-04-10,0.523806177839,0.270138114428,0.206055707733,0.523806177839,-0.0644291162784,A,A,1.7,0.7,
2309,E0,2014-02-22,0.0328475798601,0.0856711301121,0.881481290028,0.881481290028,0.0267804353269,H,H,1.17,0.17,0.17
2310,E1,2014-02-15,0.314417078321,0.273462572287,0.412120349392,0.412120349392,-0.00281740994433,H,D,2.41,-1.0,-1.0
2311,D1,2016-12-11,0.29634959234,0.257831080342,0.445819327318,0.445819327318,0.0129188944177,H,A,2.31,-1.0,-1.0
2312,D1,2014-12-13,0.316711689262,0.251557596038,0.431730714699,0.431730714699,0.0218946491256,H,D,2.44,-1.0,-1.0
2313,F1,2014-11-09,0.196072522635,0.301041964313,0.502885513052,0.502885513052,-0.103175093009,H,H,1.65,0.65,0.66
2314,F1,2014-12-06,0.252333332446,0.309511396537,0.438155271017,0.438155271017,-0.0593571667938,H,A,2.01,-1.0,-1.0
2315,I1,2014-11-29,0.262683769523,0.267502953097,0.46981327738,0.46981327738,-0.0156236158238,H,H,2.06,1.06,1.08
2316,SP1,2011-03-13,0.236217239897,0.265305015063,0.49847774504,0.49847774504,-0.00403481777363,H,A,1.99,-1.0,-1.0
2317,E2,2012-03-13,0.36964510086,0.270460994696,0.359893904444,0.36964510086,-0.0522958274096,A,D,2.37,-1.0,-1.0
2318,E1,2014-04-14,0.388153680079,0.313327063844,0.298519256078,0.388153680079,-0.028512986588,A,D,2.4,-1.0,-1.0
2319,E2,2016-01-16,0.34638675958,0.290305244803,0.363307995617,0.363307995617,-0.0533586710493,H,D,2.4,-1.0,-1.0
2320,SC0,2016-12-31,0.40724501412,0.288669399388,0.304085586492,0.40724501412,-0.0332836202411,A,H,2.27,-1.0,-1.0
2321,SC0,2016-03-05,0.333804046361,0.282323820385,0.383872133255,0.383872133255,-0.0293510072411,H,A,2.42,-1.0,-1.0
2322,SP1,2016-04-09,0.0267499742145,0.0749470968342,0.898302928951,0.898302928951,0.0362339634341,H,H,1.16,0.16,0.17
2323,E1,2011-11-26,0.18242832379,0.25550690719,0.56206476902,0.56206476902,-0.0367376261891,H,A,1.67,-1.0,-1.0
2324,SP1,2013-02-24,0.330197148919,0.291243035678,0.378559815403,0.378559815403,-0.0151409719982,H,H,2.54,1.54,1.59
2325,E0,2016-11-05,0.0342423543022,0.118446817368,0.847310828329,0.847310828329,0.0276386971818,H,D,1.22,-1.0,-1.0
2326,E1,2011-02-19,0.136943037909,0.230138640543,0.632918321548,0.632918321548,-0.0206764496939,H,H,1.53,0.53,
2327,E1,2012-12-29,0.363070883342,0.292056771851,0.344872344807,0.363070883342,-0.0417874162535,A,A,2.47,1.47,1.46
2328,D1,2016-03-19,0.111762787553,0.201598423268,0.68663878918,0.68663878918,-0.0126619101208,H,D,1.43,-1.0,-1.0
2329,SC0,2010-12-29,0.305846328926,0.31084886417,0.383304806904,0.383304806904,-0.0754107894266,H,A,2.18,-1.0,-1.0
2330,E1,2014-03-29,0.241285210464,0.28199485946,0.476719930075,0.476719930075,-0.0414147849505,H,D,1.93,-1.0,-1.0
2331,E0,2010-01-30,0.297400824355,0.279966029373,0.422633146272,0.422633146272,-0.0159633449562,H,D,2.28,-1.0,-1.0
2332,E2,2009-12-19,0.138314017241,0.253840532985,0.607845449774,0.607845449774,-0.0415051995766,H,H,1.54,0.54,
2333,E2,2014-02-25,0.332727737238,0.286984805606,0.380287457156,0.380287457156,-0.0329356833395,H,D,2.42,-1.0,-1.0
2334,E2,2011-12-30,0.310340966418,0.296725634091,0.392933399491,0.392933399491,-0.0515110449538,H,H,2.25,1.25,
2335,E2,2015-02-10,0.371191566956,0.271936999548,0.356871433496,0.371191566956,-0.0437461923799,A,A,2.41,1.41,1.46
2336,E2,2017-03-18,0.203413200973,0.265764691432,0.530822107596,0.530822107596,-0.0278371102814,H,H,1.79,0.79,0.83
2337,SP1,2013-11-23,0.757642230907,0.128015982472,0.114341786621,0.757642230907,-0.0115885383235,A,A,1.3,0.3,0.32
2338,D1,2010-02-14,0.1255880627,0.251691426296,0.622720511004,0.622720511004,-0.0351742258381,H,H,1.52,0.52,
2339,E1,2017-01-14,0.334356824297,0.316126764647,0.349516411056,0.349516411056,-0.0569876539849,H,H,2.46,1.46,1.47
2340,E1,2016-02-13,0.297637292196,0.296269941853,0.406092765952,0.406092765952,-0.0268076669486,H,A,2.31,-1.0,-1.0
2341,E2,2014-03-11,0.401427479649,0.292715034369,0.305857485982,0.401427479649,-0.0169825621917,A,A,2.39,1.39,1.47
2342,SP1,2012-03-20,0.00234241603578,0.00619542107409,0.99146216289,0.99146216289,0.0390812105092,H,H,1.05,0.05,
2343,E0,2016-03-13,0.646837694224,0.206238346549,0.146923959226,0.646837694224,-0.0243032453728,A,A,1.49,0.49,0.52
2344,D1,2011-11-19,0.196720921248,0.249151908666,0.554127170086,0.554127170086,-0.0272681787516,H,H,1.72,0.72,
2345,I1,2010-02-28,0.424753526759,0.290763156318,0.284483316923,0.424753526759,-0.0560157040101,A,A,2.08,1.08,
2346,D1,2017-02-04,0.0376062397404,0.10860549039,0.85378826987,0.85378826987,0.0273419888781,H,D,1.21,-1.0,-1.0
2347,E2,2010-01-30,0.3779545262,0.292416123263,0.329629350537,0.3779545262,-0.0457742873593,A,D,2.36,-1.0,-1.0
2348,E0,2015-04-05,0.441051892499,0.255586623109,0.303361484392,0.441051892499,-0.0284316755763,A,D,2.13,-1.0,-1.0
2349,E0,2012-03-31,0.22482667213,0.299458032711,0.475715295159,0.475715295159,-0.0737352542914,H,H,1.82,0.82,
2350,E1,2015-12-12,0.118597151628,0.221469001785,0.659933846587,0.659933846587,-0.0157418290884,H,H,1.48,0.48,0.51
2351,I1,2016-01-31,0.624378322012,0.246271459266,0.129350218722,0.624378322012,-0.0249723273383,A,A,1.54,0.54,0.55
2352,I1,2012-02-26,0.25063694432,0.288654886802,0.460708168878,0.460708168878,-0.0177607306437,H,H,2.09,1.09,
2353,D1,2013-04-27,0.134686945891,0.178800862147,0.686512191962,0.686512191962,-0.0127885073389,H,H,1.43,0.43,0.43
2354,D1,2013-04-13,0.38521667759,0.293814632841,0.320968689569,0.38521667759,-0.0180091288618,A,D,2.48,-1.0,-1.0
2355,D1,2015-02-28,0.25905758345,0.248122601701,0.492819814849,0.492819814849,-0.0147943983492,H,H,1.97,0.97,1.03
2356,SP1,2012-01-15,0.191039271832,0.263797191771,0.545163536398,0.545163536398,-0.0166342164115,H,A,1.78,-1.0,-1.0
2357,SC0,2011-04-09,0.341911079393,0.291625099592,0.366463821016,0.366463821016,-0.043372244558,H,A,2.44,-1.0,-1.0
2358,SC0,2011-04-23,0.243324293963,0.258183204371,0.498492501667,0.498492501667,-0.0223408316667,H,H,1.92,0.92,
2359,E0,2010-03-28,0.349700614129,0.279624970118,0.370674415753,0.370674415753,-0.0184306426127,H,A,2.57,-1.0,-1.0
2360,E0,2016-05-15,0.276636913704,0.260221382999,0.463141703297,0.463141703297,-0.0319078016537,H,D,2.02,-1.0,-1.0
2361,SP1,2017-02-26,0.562475945284,0.230060629398,0.207463425318,0.562475945284,-0.0292400310473,A,A,1.69,0.69,0.7
2362,E1,2013-04-20,0.231609533408,0.2696372846,0.498753181991,0.498753181991,-0.0220801513419,H,H,1.92,0.92,0.96
2363,SC0,2014-01-01,0.311291965239,0.289766577815,0.398941456945,0.398941456945,-0.0576795476207,H,H,2.19,1.19,1.36
2364,F1,2016-02-06,0.317887823693,0.301350574237,0.380761602071,0.380761602071,-0.00385378254479,H,D,2.6,-1.0,-1.0
2365,SC0,2015-12-05,0.438759213121,0.252188833882,0.309051952997,0.438759213121,-0.06629129193,A,A,1.98,0.98,1.04
2366,I1,2013-01-19,0.0798414591889,0.207697279747,0.712461261064,0.712461261064,-0.0228328565833,H,H,1.36,0.36,0.39
2367,SC0,2012-12-15,0.300560155788,0.309395014748,0.390044829464,0.390044829464,-0.081653283744,H,D,2.12,-1.0,-1.0
2368,F1,2017-02-12,0.32368720325,0.301063445782,0.375249350968,0.375249350968,-0.000690498656554,H,D,2.66,-1.0,-1.0
2369,I1,2012-05-06,0.290808032645,0.269223171311,0.439968796044,0.439968796044,0.0144368811501,H,A,2.35,-1.0,-1.0
2370,E2,2016-02-02,0.373350533716,0.302029377157,0.324620089127,0.373350533716,-0.0315077658791,A,A,2.47,1.47,1.57
2371,F1,2010-01-17,0.242571716192,0.326037182266,0.431391101542,0.431391101542,-0.0711214612723,H,D,1.99,-1.0,-1.0
2372,F1,2017-04-08,0.23327386016,0.274999319934,0.491726819907,0.491726819907,-0.0291065134268,H,A,1.92,-1.0,-1.0
2373,E2,2013-02-09,0.354430975343,0.281351095307,0.36421792935,0.36421792935,-0.0248871290156,H,H,2.57,1.57,1.68
2374,E2,2011-12-31,0.372492627734,0.316761797364,0.310745574902,0.372492627734,-0.0356706375722,A,D,2.45,-1.0,-1.0
2375,F1,2012-11-03,0.126482297662,0.242418689368,0.631099012969,0.631099012969,-0.05383249388,H,A,1.46,-1.0,-1.0
2376,I1,2013-02-03,0.448419557476,0.291581190952,0.259999251572,0.448419557476,-0.0393853205724,A,H,2.05,-1.0,-1.0
2377,E2,2017-02-25,0.427601819587,0.293744575158,0.278653605255,0.427601819587,-0.0396879000391,A,D,2.14,-1.0,-1.0
2378,SP1,2015-01-10,0.292251498386,0.322729544275,0.385018957339,0.385018957339,-0.0516622653686,H,H,2.29,1.29,1.37
2379,D1,2014-04-12,0.156065671722,0.190030139481,0.653904188797,0.653904188797,0.000309417555243,H,A,1.53,-1.0,-1.0
2380,I1,2012-04-07,0.203002149208,0.298175392564,0.498822458228,0.498822458228,-0.0598367596487,H,H,1.79,0.79,
2381,SC0,2013-11-23,0.293026658785,0.282727906857,0.424245434358,0.424245434358,-0.0323755702077,H,D,2.19,-1.0,-1.0
2382,E1,2014-04-26,0.421746184508,0.263001273579,0.315252541913,0.421746184508,-0.034874820058,A,A,2.19,1.19,1.23
2383,I1,2015-03-22,0.55883487935,0.266420281649,0.174744839001,0.55883487935,-0.0435747592043,A,A,1.66,0.66,0.7
2384,D1,2012-11-17,0.792031609669,0.145374369133,0.0625940211981,0.792031609669,0.0107816096691,A,D,1.28,-1.0,-1.0
2385,E2,2014-12-02,0.356537999449,0.292063071484,0.351398929068,0.356537999449,-0.008425504201,A,D,2.74,-1.0,-1.0
2386,E1,2012-11-10,0.318641697877,0.279509114195,0.401849187928,0.401849187928,-0.0165608539127,H,D,2.39,-1.0,-1.0
2387,E1,2015-02-07,0.0638291319435,0.166338739215,0.769832128841,0.769832128841,-0.011417871159,H,H,1.28,0.28,0.28
2388,E0,2015-11-07,0.455917772313,0.271439656231,0.272642571456,0.455917772313,-0.0295191208906,A,H,2.06,-1.0,-1.0
2389,E1,2016-12-03,0.197643663311,0.235903060838,0.56645327585,0.56645327585,-0.00825936782768,H,H,1.74,0.74,0.76
2390,I1,2011-01-06,0.286061791608,0.312600367461,0.401337840931,0.401337840931,-0.0353433817765,H,A,2.29,-1.0,-1.0
2391,F1,2010-05-15,0.532782223949,0.262574184947,0.204643591103,0.532782223949,-0.0807147085662,A,H,1.63,-1.0,-1.0
2392,E2,2014-03-01,0.354680007134,0.288417438388,0.356902554478,0.356902554478,-0.0277128301373,H,H,2.6,1.6,1.6
2393,E1,2009-11-21,0.38444256935,0.288511096195,0.327046334455,0.38444256935,-0.0503400393452,A,H,2.3,-1.0,-1.0
2394,D1,2011-03-12,0.141327733225,0.213666643547,0.645005623229,0.645005623229,-0.00858914801316,H,H,1.53,0.53,
2395,SP1,2010-04-03,0.109967726852,0.208873665117,0.681158608031,0.681158608031,-0.0230667440817,H,H,1.42,0.42,
2396,E1,2016-03-05,0.240161553051,0.292996804486,0.466841642463,0.466841642463,-0.0433624391695,H,H,1.96,0.96,0.97
2397,F1,2017-03-03,0.439138256243,0.268865741389,0.291996002368,0.439138256243,-0.0154071983023,A,D,2.2,-1.0,-1.0
2398,SP1,2016-02-01,0.216804430647,0.235243155284,0.547952414069,0.547952414069,0.0160375204517,H,D,1.88,-1.0,-1.0
2399,SP1,2016-03-06,0.262207683601,0.278909509813,0.458882806585,0.458882806585,-0.0218864241838,H,H,2.08,1.08,1.11
2400,SP1,2014-05-04,0.0255772855575,0.0618310303086,0.912591684134,0.912591684134,0.0276359319216,H,D,1.13,-1.0,-1.0
2401,E1,2016-02-20,0.350277067286,0.28816324968,0.361559683034,0.361559683034,-0.00340382061516,H,D,2.74,-1.0,-1.0
2402,E2,2014-01-18,0.21322752092,0.267976533218,0.518795945862,0.518795945862,-0.0217445946784,H,D,1.85,-1.0,-1.0
2403,E1,2011-03-05,0.146538386286,0.235377345008,0.618084268706,0.618084268706,-0.0229413723196,H,D,1.56,-1.0,-1.0
2404,E0,2013-05-07,0.205686734844,0.244059698882,0.550253566274,0.550253566274,-0.00840565160304,H,A,1.79,-1.0,-1.0
2405,SP1,2014-04-19,0.310245724982,0.301579097888,0.38817517713,0.38817517713,-0.0216608884441,H,D,2.44,-1.0,-1.0
2406,I1,2014-12-20,0.186351831987,0.236395232072,0.577252935941,0.577252935941,0.00907111775922,H,D,1.76,-1.0,-1.0
2407,I1,2016-04-03,0.192002235487,0.249626827951,0.558370936563,0.558370936563,-0.00342681624639,H,A,1.78,-1.0,-1.0
2408,F1,2010-03-28,0.206694516671,0.294435905494,0.498869577835,0.498869577835,-0.047578509597,H,A,1.83,-1.0,-1.0
2409,E2,2015-03-07,0.166434738305,0.263170511059,0.570394750636,0.570394750636,-0.0431021818789,H,A,1.63,-1.0,-1.0
2410,E2,2012-12-29,0.21990917801,0.271182334005,0.508908487985,0.508908487985,-0.0592733301971,H,H,1.76,0.76,0.83
2411,I1,2015-04-11,0.243482040667,0.256490200134,0.500027759199,0.500027759199,-0.0181069558267,H,H,1.93,0.93,0.96
2412,SP1,2013-05-06,0.448616017907,0.26415521016,0.287228771932,0.448616017907,-0.046433487043,A,H,2.02,-1.0,-1.0
2413,I1,2015-01-18,0.473717771725,0.297478172054,0.228804056221,0.473717771725,-0.0262822282752,A,A,2.0,1.0,1.03
2414,SP1,2009-12-20,0.386280835067,0.304627730173,0.30909143476,0.386280835067,-0.0252417986781,A,D,2.43,-1.0,-1.0
2415,E2,2012-01-02,0.348116707242,0.285492163057,0.366391129701,0.366391129701,-0.0197092563992,H,D,2.59,-1.0,-1.0
2416,F1,2016-02-21,0.222944485679,0.300378424458,0.476677089863,0.476677089863,-0.0468831195616,H,D,1.91,-1.0,-1.0
2417,E1,2015-02-21,0.135087223885,0.207541483318,0.657371292797,0.657371292797,-0.00488036283229,H,D,1.51,-1.0,-1.0
2418,E0,2016-05-11,0.214835833637,0.251107000072,0.534057166291,0.534057166291,-0.0153933831592,H,H,1.82,0.82,0.85
2419,E2,2014-04-05,0.426613422523,0.28629856437,0.287088013107,0.426613422523,-0.0342160705645,A,H,2.17,-1.0,-1.0
2420,I1,2016-03-13,0.315616664294,0.311833371897,0.372549963809,0.372549963809,-0.0150469354161,H,H,2.58,1.58,1.72
2421,SC0,2013-04-20,0.381677811538,0.301758057519,0.316564130943,0.381677811538,-0.0315453289579,A,A,2.42,1.42,1.46
2422,E2,2016-11-26,0.379822424299,0.300220735217,0.319956840484,0.379822424299,-0.0317002094458,A,A,2.43,1.43,1.52
2423,I1,2015-05-30,0.551828289145,0.237863380903,0.210308329952,0.551828289145,-0.0398876871863,A,D,1.69,-1.0,-1.0
2424,I1,2013-05-12,0.0910268594321,0.169845308931,0.739127831637,0.739127831637,-0.0127518676116,H,H,1.33,0.33,0.35
2425,SP1,2014-05-11,0.302952798202,0.279424273685,0.417622928113,0.417622928113,-0.015277504787,H,D,2.31,-1.0,-1.0
2426,I1,2015-12-06,0.311502071519,0.313012125199,0.375485803283,0.375485803283,-0.0411808633841,H,A,2.4,-1.0,-1.0
2427,SP1,2014-12-15,0.278746374894,0.293091124955,0.428162500152,0.428162500152,-0.0143153759546,H,H,2.26,1.26,1.36
2428,I1,2015-11-02,0.306036340167,0.318666915674,0.375296744159,0.375296744159,-0.0652318902027,H,A,2.27,-1.0,-1.0
2429,D1,2015-05-03,0.509482777362,0.273594661075,0.216922561563,0.509482777362,-0.0523149754472,A,A,1.78,0.78,0.83
2430,E0,2015-12-26,0.129662281456,0.209784883264,0.66055283528,0.66055283528,-0.0105881043171,H,D,1.49,-1.0,-1.0
2431,SP1,2016-01-31,0.206843071274,0.263795552816,0.52936137591,0.52936137591,-0.048673306171,H,A,1.73,-1.0,-1.0
2432,SC0,2016-01-23,0.313057584704,0.31099107878,0.375951336517,0.375951336517,-0.0372718039791,H,D,2.42,-1.0,-1.0
2433,D1,2011-04-03,0.223070914043,0.269906329122,0.507022756835,0.507022756835,-0.0485327987202,H,D,1.8,-1.0,-1.0
2434,D1,2015-12-06,0.235597923647,0.293059191053,0.4713428853,0.4713428853,-0.0522173241243,H,A,1.91,-1.0,-1.0
2435,E0,2013-04-01,0.237628868461,0.26030870469,0.50206242685,0.50206242685,-0.00298807820064,H,H,1.98,0.98,1.04
2436,SP1,2017-01-21,0.268083216798,0.304399382905,0.427517400297,0.427517400297,-0.0209130929769,H,D,2.23,-1.0,-1.0
2437,F1,2014-11-08,0.16996540879,0.264391477886,0.565643113324,0.565643113324,-0.0331592818857,H,H,1.67,0.67,0.68
2438,I1,2014-03-23,0.296801272753,0.316261491141,0.386937236106,0.386937236106,-0.0404131912443,H,H,2.34,1.34,1.4
2439,E0,2017-03-04,0.261221030991,0.283256390224,0.455522578785,0.455522578785,-0.00109842578102,H,A,2.19,-1.0,-1.0
2440,E1,2011-02-12,0.334116263871,0.283278530994,0.382605205135,0.382605205135,-0.0158011693673,H,A,2.51,-1.0,-1.0
2441,E2,2013-02-02,0.397996326912,0.308022281516,0.293981391573,0.397996326912,-0.0367862817838,A,H,2.3,-1.0,-1.0
2442,E1,2017-01-02,0.322058316155,0.30248852505,0.375453158795,0.375453158795,-0.0360694749501,H,A,2.43,-1.0,-1.0
2443,SP1,2012-02-26,0.226469689852,0.285271202544,0.488259107604,0.488259107604,-0.0325742257289,H,H,1.92,0.92,
2444,I1,2016-04-16,0.33815599295,0.288882804996,0.372961202054,0.372961202054,0.0039575120168,H,H,2.71,1.71,1.85
2445,E0,2015-11-21,0.167077153079,0.21244524788,0.62047759904,0.62047759904,0.0180679604858,H,A,1.66,-1.0,-1.0
2446,E1,2015-02-21,0.322170996351,0.284004863429,0.39382414022,0.39382414022,-0.0245859016212,H,D,2.39,-1.0,-1.0
2447,E2,2010-04-05,0.350713920527,0.290016961204,0.359269118269,0.359269118269,-0.0455891813262,H,H,2.47,1.47,
2448,D1,2010-11-06,0.586299323501,0.230003448957,0.183697227542,0.586299323501,-0.054726317525,A,D,1.56,-1.0,-1.0
2449,F1,2010-01-30,0.0881892050831,0.252336765573,0.659474029344,0.659474029344,-0.0349704151007,H,H,1.44,0.44,
2450,I1,2012-12-22,0.392419069992,0.301850320844,0.305730609165,0.392419069992,-0.0349313573586,A,A,2.34,1.34,1.49
2451,E0,2010-01-09,0.0925839253639,0.215654273123,0.691761801514,0.691761801514,-0.0225239127721,H,D,1.4,-1.0,-1.0
2452,D1,2009-11-07,0.305293803945,0.276254006351,0.418452189704,0.418452189704,-0.0279763817243,H,A,2.24,-1.0,-1.0
2453,D1,2011-02-12,0.334053108637,0.290514541431,0.375432349932,0.375432349932,-0.0327309153743,H,A,2.45,-1.0,-1.0
2454,F1,2013-05-18,0.277162906911,0.300486326289,0.4223507668,0.4223507668,-0.0384787262874,H,A,2.17,-1.0,-1.0
2455,E0,2012-11-05,0.189453456216,0.228773854286,0.581772689498,0.581772689498,0.000377340660702,H,H,1.72,0.72,0.76
2456,SP1,2012-03-25,0.167646211314,0.246506779131,0.585847009555,0.585847009555,-0.0239090880056,H,D,1.64,-1.0,-1.0
2457,F1,2014-11-07,0.231711507744,0.285384327279,0.482904164976,0.482904164976,-0.0170958350237,H,H,2.0,1.0,1.04
2458,F1,2014-02-01,0.363804189144,0.289312990937,0.346882819919,0.363804189144,-0.0378022365586,A,H,2.49,-1.0,-1.0
2459,E2,2014-12-20,0.360542417889,0.295071527189,0.344386054922,0.360542417889,-0.0255579682117,A,A,2.59,1.59,1.66
2460,E0,2009-12-16,0.059011333546,0.215972608456,0.725016057999,0.725016057999,-0.0325596995773,H,H,1.32,0.32,
2461,E1,2012-01-14,0.225369622045,0.279919575665,0.49471080229,0.49471080229,-0.04876745858,H,H,1.84,0.84,
2462,SP1,2013-03-16,0.169441577907,0.255322576501,0.575235845592,0.575235845592,-0.0382610869233,H,H,1.63,0.63,0.65
2463,SP1,2011-11-27,0.211493733853,0.28186880843,0.506637457717,0.506637457717,-0.0368408031527,H,H,1.84,0.84,
2464,E1,2017-01-21,0.065084586068,0.139626210997,0.795289202935,0.795289202935,0.00163840928419,H,H,1.26,0.26,0.29
2465,I1,2014-05-18,0.0511479364723,0.122076010755,0.826776052773,0.826776052773,0.00710392162539,H,H,1.22,0.22,0.24
2466,D1,2017-02-19,0.337897327004,0.284078084101,0.378024588894,0.378024588894,-0.00511717355784,H,A,2.61,-1.0,-1.0
2467,E1,2010-02-13,0.134420946693,0.260706071392,0.604872981915,0.604872981915,-0.0487217893273,H,H,1.53,0.53,
2468,E0,2010-02-10,0.484427658939,0.283099327315,0.232473013747,0.484427658939,-0.044672870162,A,D,1.89,-1.0,-1.0
2469,D1,2012-02-26,0.117150919338,0.200982954478,0.681866126184,0.681866126184,-0.0174345731166,H,H,1.43,0.43,
2470,E2,2015-02-10,0.381536203471,0.27657087615,0.341892920379,0.381536203471,-0.0334015558648,A,H,2.41,-1.0,-1.0
2471,E0,2012-12-26,0.289201778264,0.259637972928,0.451160248808,0.451160248808,0.00671580436367,H,A,2.25,-1.0,-1.0
2472,F1,2011-11-06,0.286385370357,0.314272301244,0.399342328399,0.399342328399,-0.0261895864947,H,H,2.35,1.35,
2473,I1,2012-02-05,0.333539354335,0.290325255208,0.376135390457,0.376135390457,-0.0222709840451,H,H,2.51,1.51,
2474,SC0,2012-03-25,0.45955414998,0.29225855434,0.24818729568,0.45955414998,-0.0480600632177,A,H,1.97,-1.0,-1.0
2475,I1,2015-05-30,0.371260474757,0.259021592202,0.36971793304,0.371260474757,-0.0402621589875,A,A,2.43,1.43,1.54
2476,D1,2012-04-07,0.0139498262118,0.0734777945243,0.912572379264,0.912572379264,0.0276166270516,H,H,1.13,0.13,
2477,E2,2016-11-12,0.374634949207,0.309148271169,0.316216779624,0.374634949207,-0.0269714764954,A,D,2.49,-1.0,-1.0
2478,E2,2015-03-14,0.36557437265,0.287686677149,0.346738950201,0.36557437265,-0.0250506273498,A,H,2.56,-1.0,-1.0
2479,SP1,2011-04-16,0.355347180277,0.229981367556,0.414671452168,0.414671452168,0.049707948518,H,D,2.74,-1.0,-1.0
2480,SP1,2014-05-11,0.451088812379,0.247503832634,0.301407354986,0.451088812379,-0.0514237504349,A,H,1.99,-1.0,-1.0
2481,E2,2012-12-22,0.299777986104,0.279323840912,0.420898172983,0.420898172983,-0.0336472815621,H,H,2.2,1.2,1.24
2482,F1,2009-12-16,0.428189430734,0.308732511098,0.263078058168,0.428189430734,-0.0412941373414,A,A,2.13,1.13,
2483,D1,2015-03-22,0.433511417699,0.259392934857,0.307095647444,0.433511417699,-0.0273180753887,A,D,2.17,-1.0,-1.0
2484,E1,2010-03-28,0.152590254337,0.258212498726,0.589197246937,0.589197246937,-0.035802753063,H,A,1.6,-1.0,-1.0
2485,D1,2013-02-23,0.285149931228,0.283037828006,0.431812240767,0.431812240767,-0.0376713273085,H,D,2.13,-1.0,-1.0
2486,SP1,2013-01-26,0.25735759137,0.266121459696,0.476520948934,0.476520948934,0.00923122930784,H,D,2.14,-1.0,-1.0
2487,D1,2009-12-18,0.106693983102,0.226333660978,0.66697235592,0.66697235592,-0.0274720885246,H,H,1.44,0.44,
2488,F1,2011-01-29,0.269550495906,0.299977091353,0.430472412741,0.430472412741,-0.0261485918255,H,H,2.19,1.19,
2489,E2,2016-03-30,0.394575248477,0.308036166832,0.29738858469,0.394575248477,-0.0238347933636,A,H,2.39,-1.0,-1.0
2490,F1,2015-02-08,0.261473010356,0.295047034505,0.443479955139,0.443479955139,-0.015235641191,H,D,2.18,-1.0,-1.0
2491,SP1,2013-12-22,0.583001960899,0.219666054928,0.197331984173,0.583001960899,-0.0419980391011,A,A,1.6,0.6,0.64
2492,SC0,2013-01-27,0.269991846464,0.277363591907,0.452644561629,0.452644561629,-0.0375515168019,H,D,2.04,-1.0,-1.0
2493,SC0,2016-11-05,0.361251620355,0.283610532025,0.355137847621,0.361251620355,-0.0278534380113,A,D,2.57,-1.0,-1.0
2494,D1,2017-04-02,0.208643547518,0.246127591619,0.545228860863,0.545228860863,-0.00422168858768,H,D,1.82,-1.0,-1.0
2495,E0,2012-12-02,0.256007086727,0.26370242213,0.480290491142,0.480290491142,0.00182159162086,H,H,2.09,1.09,1.1
2496,E2,2014-01-25,0.33572524068,0.282313859692,0.381960899628,0.381960899628,-0.0295617341168,H,H,2.43,1.43,1.57
2497,F1,2012-04-21,0.302434764853,0.295727970613,0.401837264534,0.401837264534,-0.0201036637364,H,H,2.37,1.37,
2498,D1,2016-11-19,0.369299743732,0.288131763753,0.342568492516,0.369299743732,-0.0259571732645,A,A,2.53,1.53,1.57
2499,SP1,2015-02-08,0.346601960879,0.273087770168,0.380310268953,0.380310268953,0.0231674118106,H,A,2.8,-1.0,-1.0
2500,E2,2012-11-10,0.345336393138,0.28399411859,0.370669488272,0.370669488272,-0.0358345767684,H,A,2.46,-1.0,-1.0
2501,E0,2014-04-20,0.509663821267,0.248556535063,0.24177964367,0.509663821267,-0.0489953966099,A,A,1.79,0.79,0.83
2502,E0,2012-12-30,0.377829375182,0.298620616177,0.32355000864,0.377829375182,-0.0253964312694,A,A,2.48,1.48,1.55
2503,D1,2015-03-06,0.270935599434,0.300007874549,0.429056526017,0.429056526017,-0.0448771232718,H,D,2.11,-1.0,-1.0
2504,D1,2015-12-12,0.341316364118,0.283454388859,0.375229247023,0.375229247023,-0.0296290525722,H,D,2.47,-1.0,-1.0
2505,E1,2012-12-26,0.24247677399,0.25352962352,0.50399360249,0.50399360249,-0.0141411125358,H,H,1.93,0.93,1.0
2506,I1,2012-01-08,0.154525603705,0.254512987013,0.590961409282,0.590961409282,-0.0187946882787,H,H,1.64,0.64,
2507,E1,2011-02-19,0.240024061673,0.285780427435,0.474195510892,0.474195510892,-0.0521202785818,H,D,1.9,-1.0,-1.0
2508,I1,2010-05-02,0.434332177066,0.250923764104,0.31474405883,0.434332177066,-0.0631802607453,A,D,2.01,-1.0,-1.0
2509,I1,2017-03-05,0.147172190366,0.190366472468,0.662461337166,0.662461337166,0.000209681536839,H,H,1.51,0.51,0.52
2510,SC0,2013-11-23,0.335262409969,0.289145842681,0.375591747351,0.375591747351,-0.0309123176901,H,D,2.46,-1.0,-1.0
2511,E0,2011-02-05,0.10319359603,0.195169316218,0.701637087752,0.701637087752,-0.007582770404,H,H,1.41,0.41,
2512,SC0,2013-12-26,0.401826873712,0.276096408047,0.322076718242,0.401826873712,-0.0367696175164,A,A,2.28,1.28,1.28
2513,SP1,2012-01-22,0.209780731401,0.272787557989,0.51743171061,0.51743171061,-0.0231088299302,H,D,1.85,-1.0,-1.0
2514,E1,2017-03-10,0.196880688486,0.257273187401,0.545846124113,0.545846124113,-0.015951628696,H,H,1.78,0.78,0.78
2515,E2,2014-04-21,0.316398346968,0.287527099272,0.39607455376,0.39607455376,-0.0387080549356,H,A,2.3,-1.0,-1.0
2516,I1,2014-01-05,0.0692932765931,0.178146890005,0.752559833402,0.752559833402,-0.00501592417407,H,H,1.32,0.32,0.33
2517,E0,2016-12-03,0.282317572219,0.285271323013,0.432411104768,0.432411104768,-0.0392870084396,H,A,2.12,-1.0,-1.0
2518,F1,2011-11-06,0.396133848337,0.286238956586,0.317627195077,0.396133848337,-0.0483105961076,A,H,2.25,-1.0,-1.0
2519,SP1,2010-01-31,0.225991906418,0.269461777073,0.50454631651,0.50454631651,-0.00306789668818,H,D,1.97,-1.0,-1.0
2520,D1,2016-02-06,0.370548131544,0.249712454735,0.379739413721,0.379739413721,0.00238092315526,H,A,2.65,-1.0,-1.0
2521,E2,2012-01-21,0.256847331545,0.298787443022,0.444365225433,0.444365225433,-0.0737694895926,H,D,1.93,-1.0,-1.0
2522,SC0,2015-11-21,0.420956124057,0.284275110666,0.294768765277,0.420956124057,-0.0274743692164,A,A,2.23,1.23,1.29
2523,E2,2013-11-30,0.484539291774,0.265856044655,0.249604663571,0.484539291774,-0.0502200665153,A,A,1.87,0.87,0.89
2524,E1,2016-11-05,0.306653791039,0.289155079935,0.404191129027,0.404191129027,-0.0402533154177,H,D,2.25,-1.0,-1.0
2525,E1,2014-02-22,0.229550976745,0.256502364419,0.513946658836,0.513946658836,0.0139466588356,H,D,2.0,-1.0,-1.0
2526,SP1,2015-02-14,0.349910332439,0.283643380211,0.366446287349,0.366446287349,0.0228036756656,H,D,2.91,-1.0,-1.0
2527,E0,2014-02-12,0.34506829254,0.313568920586,0.341362786874,0.34506829254,-0.0108035935812,A,D,2.81,-1.0,-1.0
2528,D1,2015-04-25,0.0107114479345,0.0982399438869,0.891048608179,0.891048608179,0.0214833907873,H,H,1.15,0.15,0.16
2529,F1,2012-02-19,0.306736378625,0.267243966703,0.426019654672,0.426019654672,0.0227938482204,H,H,2.48,1.48,
2530,F1,2010-12-11,0.254051131392,0.283254319947,0.46269454866,0.46269454866,-0.00900356454729,H,H,2.12,1.12,
2531,E0,2016-01-16,0.0792472230472,0.181999995966,0.738752780987,0.738752780987,-0.00198795975352,H,H,1.35,0.35,0.35
2532,E2,2014-03-26,0.29917243454,0.280416841251,0.420410724208,0.420410724208,-0.0447055548615,H,H,2.15,1.15,1.19
2533,E1,2012-04-09,0.246005604979,0.288726897787,0.465267497234,0.465267497234,-0.0666473963834,H,A,1.88,-1.0,-1.0
2534,E1,2016-03-08,0.499394904665,0.279237475905,0.22136761943,0.499394904665,-0.0411456358754,A,H,1.85,-1.0,-1.0
2535,E1,2010-11-27,0.346287813898,0.301456092206,0.352256093896,0.352256093896,-0.0526022056991,H,D,2.47,-1.0,-1.0
2536,D1,2013-11-30,0.221920420928,0.246661810183,0.53141776889,0.53141776889,-0.0241377866659,H,D,1.8,-1.0,-1.0
2537,SC0,2017-02-18,0.00609407052384,0.0309716860195,0.962934243457,0.962934243457,0.0370083175307,H,H,1.08,0.08,
2538,SP1,2012-02-05,0.300067354492,0.296773852366,0.403158793142,0.403158793142,-0.043269778287,H,D,2.24,-1.0,-1.0
2539,E1,2016-02-20,0.130539502274,0.214579249249,0.654881248477,0.654881248477,-0.0162596911202,H,H,1.49,0.49,0.5
2540,I1,2013-01-27,0.161448083181,0.262226280616,0.576325636204,0.576325636204,-0.0409583144137,H,H,1.62,0.62,0.66
2541,SP1,2010-02-28,0.342940011519,0.296056818348,0.361003170133,0.361003170133,-0.0488328954409,H,H,2.44,1.44,
2542,I1,2014-11-08,0.353409595704,0.302218818833,0.344371585463,0.353409595704,-0.015594094333,A,D,2.71,-1.0,-1.0
2543,E1,2012-03-20,0.33142097135,0.294109448316,0.374469580334,0.374469580334,-0.0421970863322,H,A,2.4,-1.0,-1.0
2544,D1,2009-12-20,0.275488014617,0.285507416781,0.439004568602,0.439004568602,-0.0488003094472,H,H,2.05,1.05,
2545,SP1,2015-12-20,0.520899826757,0.284306558277,0.194793614966,0.520899826757,-0.0440719246555,A,H,1.77,-1.0,-1.0
2546,E1,2015-03-01,0.214220049671,0.243288552174,0.542491398155,0.542491398155,-0.0039566892768,H,H,1.83,0.83,0.86
2547,I1,2017-02-19,0.187229453701,0.241496158198,0.571274388101,0.571274388101,-0.0204415882303,H,D,1.69,-1.0,-1.0
2548,E0,2017-01-31,0.330665636646,0.299283382119,0.370050981235,0.370050981235,-0.0145644033808,H,D,2.6,-1.0,-1.0
2549,E0,2013-01-19,0.268166847503,0.279570753865,0.452262398633,0.452262398633,-0.0085670944546,H,H,2.17,1.17,1.17
2550,SP1,2015-03-08,0.225846610919,0.247515198392,0.526638190689,0.526638190689,0.00580485735528,H,H,1.92,0.92,0.97
2551,SP1,2014-04-13,0.148769584974,0.238288778567,0.612941636459,0.612941636459,-0.00817637596365,H,H,1.61,0.61,0.65
2552,E2,2013-12-21,0.393323652535,0.293013418378,0.313662929088,0.393323652535,-0.0358608968215,A,D,2.33,-1.0,-1.0
2553,F1,2010-05-05,0.263175899815,0.288326000066,0.448498100118,0.448498100118,-0.0393067779303,H,H,2.05,1.05,
2554,E2,2015-02-28,0.351064754607,0.285308950993,0.3636262944,0.3636262944,-0.0151615843879,H,A,2.64,-1.0,-1.0
2555,E0,2015-12-13,0.0972359687282,0.173718556237,0.729045475035,0.729045475035,-0.000881532264628,H,A,1.37,-1.0,-1.0
2556,SP1,2016-04-19,0.278064979824,0.290654611751,0.431280408425,0.431280408425,-0.0360093112011,H,H,2.14,1.14,1.19
2557,I1,2016-12-10,0.379509588823,0.273553508508,0.346936902669,0.379509588823,-0.0371570778435,A,A,2.4,1.4,1.44
2558,SP1,2014-03-01,0.296950729091,0.295869129794,0.407180141115,0.407180141115,-0.0201702862354,H,H,2.34,1.34,1.42
2559,F1,2013-02-09,0.386921057387,0.318265704342,0.29481323827,0.386921057387,-0.0332470098394,A,H,2.38,-1.0,-1.0
2560,E1,2013-03-16,0.275816460268,0.279210821268,0.444972718464,0.444972718464,-0.0357965123051,H,A,2.08,-1.0,-1.0
2561,E0,2013-04-21,0.259064585747,0.247043003226,0.493892411026,0.493892411026,0.0199587617372,H,D,2.11,-1.0,-1.0
2562,E2,2010-04-24,0.433776992146,0.276054622222,0.290168385632,0.433776992146,-0.0564190862854,A,D,2.04,-1.0,-1.0
2563,E1,2015-02-21,0.256131133089,0.292923100371,0.450945766539,0.450945766539,-0.0592583150933,H,H,1.96,0.96,1.0
2564,E2,2011-03-28,0.292487398626,0.300948193811,0.406564407563,0.406564407563,-0.0673692417258,H,D,2.11,-1.0,-1.0
2565,SC0,2010-03-09,0.678749224243,0.202173781215,0.119076994542,0.678749224243,-0.0406752361889,A,A,1.39,0.39,
2566,E1,2010-04-17,0.13244782703,0.247748146078,0.619804026892,0.619804026892,-0.03379074435,H,H,1.53,0.53,
2567,E2,2013-02-16,0.442364066332,0.283203800095,0.274432133574,0.442364066332,-0.040727721108,A,H,2.07,-1.0,-1.0
2568,E2,2010-11-13,0.32086706711,0.299063328859,0.380069604031,0.380069604031,-0.0509648787279,H,H,2.32,1.32,
2569,SP1,2014-02-16,0.791509947751,0.127233370847,0.0812566814019,0.791509947751,0.0102599477507,A,A,1.28,0.28,0.29
2570,E0,2011-12-10,0.0354261702482,0.143613719628,0.820960110124,0.820960110124,0.0012879789766,H,H,1.22,0.22,
2571,I1,2015-03-22,0.412284040588,0.289987177077,0.297728782334,0.412284040588,-0.0402046471943,A,D,2.21,-1.0,-1.0
2572,SP1,2010-02-07,0.288248238692,0.253104321907,0.458647439401,0.458647439401,0.0219662166936,H,H,2.29,1.29,
2573,F1,2013-05-12,0.401038898952,0.284419197809,0.31454190324,0.401038898952,-0.0453896724767,A,A,2.24,1.24,1.26
2574,E2,2017-02-04,0.123729985881,0.215728764092,0.660541250027,0.660541250027,-0.0197308588167,H,H,1.47,0.47,0.49
2575,E2,2015-01-17,0.241463881555,0.269264613672,0.489271504773,0.489271504773,-0.0342887046511,H,H,1.91,0.91,0.93
2576,F1,2017-03-05,0.391029586716,0.26096737045,0.348003042834,0.391029586716,-0.0381549626406,A,A,2.33,1.33,1.32
2577,E1,2009-12-26,0.266007906604,0.295364524665,0.438627568731,0.438627568731,-0.0588848690799,H,H,2.01,1.01,
2578,E0,2014-11-30,0.310610370217,0.287605596163,0.401784033621,0.401784033621,-0.0406938424855,H,H,2.26,1.26,1.24
2579,E1,2017-01-02,0.350232404252,0.292966535349,0.356801060398,0.356801060398,-0.0163332679597,H,H,2.68,1.68,1.76
2580,E2,2011-04-16,0.344527261915,0.315123753324,0.340348984761,0.344527261915,-0.0217731043855,A,A,2.73,1.73,
2581,SP1,2010-12-04,0.484547656602,0.254695044184,0.260757299214,0.484547656602,-0.0473672370146,A,H,1.88,-1.0,-1.0
2582,E2,2010-01-25,0.110979231978,0.219029511575,0.669991256447,0.669991256447,-0.0342340956661,H,A,1.42,-1.0,-1.0
2583,E1,2012-01-21,0.15518761807,0.248101149326,0.596711232604,0.596711232604,-0.0362001598013,H,H,1.58,0.58,
2584,SC0,2015-11-28,0.380823618161,0.268150248318,0.351026133521,0.380823618161,-0.0341141411747,A,A,2.41,1.41,1.53
2585,E2,2014-03-15,0.367102084203,0.297522919493,0.335374996304,0.367102084203,-0.028154832793,A,A,2.53,1.53,1.62
2586,E2,2012-02-14,0.196912576619,0.287219112852,0.515868310528,0.515868310528,-0.0621663715524,H,H,1.73,0.73,
2587,SP1,2012-03-18,0.318229367285,0.270757491281,0.411013141434,0.411013141434,-0.000509492310791,H,H,2.43,1.43,
2588,I1,2017-03-12,0.21482508526,0.26529523273,0.51987968201,0.51987968201,-0.0235985788597,H,H,1.84,0.84,0.89
2589,D1,2010-01-23,0.425585559236,0.292623292511,0.281791148253,0.425585559236,-0.0289598953097,A,A,2.2,1.2,
2590,SP1,2013-12-01,0.582147411567,0.236741283049,0.181111305384,0.582147411567,-0.0389706008557,A,H,1.61,-1.0,-1.0
2591,E0,2016-02-02,0.158725739897,0.250560405352,0.59071385475,0.59071385475,-0.00808854045908,H,H,1.67,0.67,0.68
2592,E2,2015-01-24,0.128311186481,0.220266461086,0.651422352432,0.651422352432,-0.0288497564113,H,H,1.47,0.47,0.49
2593,E2,2014-02-08,0.333193353551,0.263858799014,0.402947847434,0.402947847434,0.00769093043842,H,A,2.53,-1.0,-1.0
2594,F1,2011-11-20,0.055689133371,0.193739997091,0.750570869538,0.750570869538,-0.0246229289113,H,A,1.29,-1.0,-1.0
2595,SP1,2015-02-08,0.270507567971,0.291176076394,0.438316355635,0.438316355635,-0.00612808880927,H,A,2.25,-1.0,-1.0
2596,F1,2016-03-06,0.117180698953,0.211121052137,0.67169824891,0.67169824891,-0.0132332579391,H,H,1.46,0.46,0.49
2597,SC0,2016-01-02,0.0595921141906,0.128161663457,0.812246222353,0.812246222353,-0.00742590879464,H,H,1.22,0.22,0.23
2598,E1,2011-11-01,0.27137233889,0.291734478117,0.436893182994,0.436893182994,-0.050911695055,H,D,2.05,-1.0,-1.0
2599,SP1,2011-01-15,0.12275859111,0.233248233485,0.643993175404,0.643993175404,-0.0182584802247,H,H,1.51,0.51,
2600,F1,2016-12-03,0.062772657724,0.191277487988,0.745949854288,0.745949854288,-0.0116259032876,H,H,1.32,0.32,0.33
2601,E1,2011-04-25,0.367094657861,0.259056788148,0.373848553991,0.373848553991,0.0217358779343,H,H,2.84,1.84,
2602,D1,2014-12-13,0.748609659719,0.15020691255,0.101183427731,0.748609659719,-0.00327003952892,A,A,1.33,0.33,0.36
2603,D1,2017-04-01,0.0768057187308,0.181450372403,0.741743908866,0.741743908866,0.00100316812537,H,H,1.35,0.35,0.37
2604,D1,2017-02-04,0.218957258306,0.228118228326,0.552924513368,0.552924513368,0.0152901047659,H,H,1.86,0.86,0.88
2605,E2,2015-12-19,0.239318207489,0.263215569638,0.497466222873,0.497466222873,-0.0127378587596,H,D,1.96,-1.0,-1.0
2606,F1,2013-04-21,0.261335363073,0.278375069362,0.460289567565,0.460289567565,0.0057441130197,H,A,2.2,-1.0,-1.0
2607,E2,2012-12-21,0.302886863939,0.269801765048,0.427311371013,0.427311371013,-0.00372311174588,H,D,2.32,-1.0,-1.0
2608,SP1,2011-12-18,0.262301963137,0.281183607276,0.456514429588,0.456514429588,-0.0196760466029,H,H,2.1,1.1,
2609,F1,2010-03-13,0.229042876102,0.294845138739,0.47611198516,0.47611198516,-0.0264005776545,H,D,1.99,-1.0,-1.0
2610,SP1,2011-04-24,0.231884319114,0.247631149924,0.520484530961,0.520484530961,0.0102804493287,H,H,1.96,0.96,
2611,E1,2011-02-01,0.379353779352,0.288532846185,0.332113374463,0.379353779352,-0.035583979984,A,H,2.41,-1.0,-1.0
2612,D1,2010-04-16,0.288443288501,0.294797656781,0.416759054718,0.416759054718,-0.0505306649084,H,H,2.14,1.14,
2613,D1,2009-11-28,0.200751400588,0.261593377867,0.537655221545,0.537655221545,-0.0210039963316,H,A,1.79,-1.0,-1.0
2614,SP1,2010-11-21,0.352909137538,0.261984573151,0.385106289312,0.385106289312,0.0227874487321,H,A,2.76,-1.0,-1.0
2615,E0,2014-01-29,0.467081053539,0.269950547885,0.262968398576,0.467081053539,-0.0304313842718,A,A,2.01,1.01,1.07
2616,E1,2011-11-01,0.181482086684,0.263588160286,0.55492975303,0.55492975303,-0.0403083422076,H,H,1.68,0.68,
2617,E0,2011-01-05,0.277299768411,0.282547935809,0.44015229578,0.44015229578,-0.0249639832901,H,A,2.15,-1.0,-1.0
2618,D1,2014-03-21,0.297979408599,0.288914009459,0.413106581942,0.413106581942,-0.0435144226242,H,H,2.19,1.19,1.22
2619,F1,2012-12-08,0.0514710346598,0.142621641357,0.805907323983,0.805907323983,-0.0071008060978,H,H,1.23,0.23,0.25
2620,E0,2013-04-07,0.23736463861,0.260548796212,0.502086565178,0.502086565178,0.00457412736675,H,H,2.01,1.01,1.11
2621,E0,2011-01-22,0.274141687505,0.293205252196,0.432653060299,0.432653060299,-0.0260625360315,H,H,2.18,1.18,
2622,E0,2017-04-30,0.0839270845947,0.189545756894,0.726527158511,0.726527158511,-0.00339984878791,H,D,1.37,-1.0,-1.0
2623,D1,2010-02-20,0.418798167908,0.293556260925,0.287645571166,0.418798167908,-0.0316522825423,A,A,2.22,1.22,
2624,SP1,2011-11-06,0.269933753152,0.289245298266,0.440820948582,0.440820948582,-0.0353695276084,H,D,2.1,-1.0,-1.0
2625,F1,2014-12-02,0.0892903221463,0.215451916132,0.695257761722,0.695257761722,-0.0139620964343,H,H,1.41,0.41,0.45
2626,E1,2014-04-19,0.347972248968,0.281243323318,0.370784427714,0.370784427714,-0.0511565005556,H,A,2.37,-1.0,-1.0
2627,F1,2013-05-03,0.128013229877,0.237729949843,0.63425682028,0.63425682028,-0.0150938290708,H,D,1.54,-1.0,-1.0
2628,E1,2016-04-30,0.29377334276,0.2405143884,0.465712268841,0.465712268841,0.00488277575316,H,H,2.17,1.17,1.25
2629,E1,2017-03-18,0.341477076812,0.280847306863,0.377675616325,0.377675616325,-0.0129493836747,H,A,2.56,-1.0,-1.0
2630,E1,2017-01-02,0.298641180021,0.275686551202,0.425672268777,0.425672268777,0.00194345521814,H,H,2.36,1.36,1.4
2631,I1,2014-05-04,0.220984287912,0.253121716811,0.525893995277,0.525893995277,-0.0146465452637,H,H,1.85,0.85,0.86
2632,I1,2010-12-04,0.0488970001345,0.159024122027,0.792078877838,0.792078877838,-0.00792112216173,H,H,1.25,0.25,
2633,SP1,2012-12-09,0.76076377068,0.134498860347,0.104737368973,0.76076377068,-0.00259500794589,A,A,1.31,0.31,0.31
2634,I1,2017-05-21,0.256194556477,0.304481471306,0.439323972217,0.439323972217,-0.0581884655936,H,H,2.01,1.01,1.08
2635,E2,2014-03-22,0.419737835705,0.294409461815,0.28585270248,0.419737835705,-0.0286926575689,A,H,2.23,-1.0,-1.0
2636,E2,2010-04-06,0.147524792549,0.267702461873,0.584772745579,0.584772745579,-0.056252895447,H,H,1.56,0.56,
2637,SP1,2014-02-09,0.604325940556,0.216820301697,0.178853757747,0.604325940556,-0.0408353497661,A,A,1.55,0.55,0.59
2638,D1,2017-04-29,0.41801556324,0.272759914365,0.309224522396,0.41801556324,-0.0304149300339,A,H,2.23,-1.0,-1.0
2639,E1,2011-03-08,0.331373771726,0.28012026407,0.388505964203,0.388505964203,-0.0213301013704,H,H,2.44,1.44,
2640,SC0,2016-12-28,0.476644323014,0.270237867414,0.253117809572,0.476644323014,-0.0361761898069,A,D,1.95,-1.0,-1.0
2641,E1,2012-02-18,0.358198023273,0.285364321397,0.356437655329,0.358198023273,-0.0339588394717,A,H,2.55,-1.0,-1.0
2642,E2,2011-02-12,0.180631644663,0.228191508777,0.59117684656,0.59117684656,-0.0148837595008,H,H,1.65,0.65,
2643,D1,2014-03-26,0.37942866758,0.284629562078,0.335941770342,0.37942866758,-0.0142721198217,A,H,2.54,-1.0,-1.0
2644,E1,2014-03-22,0.385294728699,0.271584760394,0.343120510908,0.385294728699,-0.0457397540598,A,H,2.32,-1.0,-1.0
2645,SP1,2014-05-02,0.455507353845,0.22220705897,0.322285587185,0.455507353845,-0.0573131589757,A,A,1.95,0.95,1.01
2646,SP1,2013-02-09,0.27736562091,0.285024396388,0.437609982702,0.437609982702,-0.031873585373,H,D,2.13,-1.0,-1.0
2647,E2,2014-12-02,0.348634128838,0.307381580935,0.343984290226,0.348634128838,-0.0136847117416,A,A,2.76,1.76,1.85
2648,E1,2010-02-06,0.325845602505,0.276428293451,0.397726104044,0.397726104044,-0.0260027095152,H,D,2.36,-1.0,-1.0
2649,F1,2010-12-18,0.120724330715,0.251391605905,0.62788406338,0.62788406338,-0.0387826032863,H,D,1.5,-1.0,-1.0
2650,E1,2012-03-20,0.345669214593,0.297570961246,0.356759824161,0.356759824161,-0.0547628095839,H,A,2.43,-1.0,-1.0
2651,E2,2015-01-31,0.304290964962,0.291312029562,0.404397005476,0.404397005476,-0.0628927141506,H,H,2.14,1.14,1.23
2652,SC0,2015-01-04,0.318585422316,0.275958303194,0.405456274491,0.405456274491,-0.0077668660053,H,A,2.42,-1.0,-1.0
2653,I1,2012-12-09,0.442287138773,0.295326734071,0.262386127156,0.442287138773,-0.0271964293017,A,A,2.13,1.13,1.15
2654,SP1,2015-04-12,0.222280030274,0.267161953729,0.510558015996,0.510558015996,-0.0242013422924,H,D,1.87,-1.0,-1.0
2655,D1,2014-03-08,0.408078541222,0.281188066254,0.310733392523,0.408078541222,-0.0229559415364,A,D,2.32,-1.0,-1.0
2656,E0,2017-04-17,0.623414273863,0.202807156282,0.173778569854,0.623414273863,-0.0301804973785,A,A,1.53,0.53,0.55
2657,D1,2011-02-12,0.214936153544,0.284234165842,0.500829680615,0.500829680615,-0.0705988908138,H,A,1.75,-1.0,-1.0
2658,SP1,2016-05-14,0.856400492864,0.0511738316407,0.0924256754951,0.856400492864,0.0230671595309,A,A,1.2,0.2,0.21
2659,D1,2014-12-20,0.238741233711,0.251797286632,0.509461479657,0.509461479657,-0.0281729289451,H,D,1.86,-1.0,-1.0
2660,F1,2014-01-29,0.126781287586,0.24206880467,0.631149907744,0.631149907744,-0.0182007416066,H,H,1.54,0.54,0.53
2661,D1,2013-03-09,0.32469622036,0.294864001336,0.380439778303,0.380439778303,-0.0620380978027,H,D,2.26,-1.0,-1.0
2662,E2,2013-03-06,0.301978989993,0.28488806399,0.413132946018,0.413132946018,-0.0414125085276,H,D,2.2,-1.0,-1.0
2663,D1,2010-05-01,0.33877383936,0.281957567171,0.37926859347,0.37926859347,-0.0462633214239,H,A,2.35,-1.0,-1.0
2664,E1,2014-03-29,0.148489192154,0.254956524276,0.59655428357,0.59655428357,-0.0284457164298,H,H,1.6,0.6,0.6
2665,F1,2015-04-26,0.549338540526,0.259393146923,0.191268312551,0.549338540526,-0.0423774358052,A,A,1.69,0.69,0.7
2666,E0,2015-05-16,0.222106051953,0.273379280668,0.504514667379,0.504514667379,-0.0604570840332,H,H,1.77,0.77,0.79
2667,F1,2017-02-24,0.185592562432,0.253652586854,0.560754850714,0.560754850714,-0.0139577929639,H,H,1.74,0.74,0.76
2668,SC0,2010-02-20,0.0869661106839,0.211764660377,0.701269228939,0.701269228939,-0.0394715118016,H,H,1.35,0.35,
2669,SP1,2017-01-29,0.439027922998,0.27977437468,0.281197702322,0.439027922998,-0.0196876733325,A,H,2.18,-1.0,-1.0
2670,SC0,2017-04-08,0.345854167731,0.298687015832,0.355458816437,0.355458816437,-0.0149115539338,H,A,2.7,-1.0,-1.0
2671,E1,2016-01-12,0.254666349987,0.303921908904,0.441411741109,0.441411741109,-0.0280718269666,H,D,2.13,-1.0,-1.0
2672,E2,2011-02-22,0.28234471967,0.276483186291,0.44117209404,0.44117209404,-0.0327615552494,H,D,2.11,-1.0,-1.0
2673,I1,2015-02-08,0.211952828402,0.272748558448,0.51529861315,0.51529861315,-0.049673138262,H,H,1.77,0.77,0.78
2674,I1,2010-02-28,0.182544697594,0.29245758928,0.524997713126,0.524997713126,-0.0632375809917,H,A,1.7,-1.0,-1.0
2675,SP1,2015-02-22,0.23822054769,0.284766728138,0.477012724173,0.477012724173,-0.0493030653009,H,H,1.9,0.9,0.94
2676,F1,2012-03-24,0.435077820088,0.294322067653,0.270600112259,0.435077820088,-0.0411126561024,A,A,2.1,1.1,
2677,D1,2016-03-19,0.282698502648,0.247778082952,0.469523414399,0.469523414399,0.0190729639489,H,A,2.22,-1.0,-1.0
2678,E1,2017-02-11,0.439338839987,0.286000944653,0.27466021536,0.439338839987,-0.025777439083,A,A,2.15,1.15,1.19
2679,E2,2012-01-02,0.161663016368,0.255291646534,0.583045337098,0.583045337098,-0.0498660553068,H,H,1.58,0.58,
2680,E2,2017-04-01,0.145680177568,0.209881967457,0.644437854974,0.644437854974,-0.0134568818676,H,H,1.52,0.52,0.54
2681,D1,2016-12-21,0.18573059245,0.20524831655,0.609021091,0.609021091,0.00661145244594,H,D,1.66,-1.0,-1.0
2682,E1,2016-03-05,0.360730022098,0.298830961255,0.340439016646,0.360730022098,-0.0345268948977,A,H,2.53,-1.0,-1.0
2683,E1,2011-12-18,0.410339941739,0.259923065441,0.32973699282,0.410339941739,-0.0462810628273,A,D,2.19,-1.0,-1.0
2684,E2,2016-12-10,0.150405037138,0.222879015951,0.626715946911,0.626715946911,-0.0184453434115,H,A,1.55,-1.0,-1.0
2685,I1,2012-11-01,0.40432667113,0.303229462266,0.292443866603,0.40432667113,-0.0304559375654,A,A,2.3,1.3,1.31
2686,E0,2017-05-14,0.263045054677,0.255351011182,0.48160393414,0.48160393414,-0.00383295906359,H,H,2.06,1.06,1.11
2687,SP1,2010-01-16,0.268393038883,0.297474700343,0.434132260773,0.434132260773,-0.0489595266661,H,H,2.07,1.07,
2688,SC0,2011-04-10,0.761028167017,0.141691671767,0.0972801612168,0.761028167017,-0.0263734077866,A,A,1.27,0.27,
2689,F1,2009-11-07,0.132115948374,0.26747516999,0.600408881636,0.600408881636,-0.0447524086867,H,H,1.55,0.55,
2690,F1,2014-12-07,0.45422289307,0.289603668289,0.25617343864,0.45422289307,-0.0457771069295,A,D,2.0,-1.0,-1.0
2691,SP1,2013-02-10,0.187041113469,0.241122018687,0.571836867844,0.571836867844,-0.00287577583422,H,A,1.74,-1.0,-1.0
2692,E2,2014-03-25,0.354818285331,0.270066901741,0.375114812928,0.375114812928,0.0101513092784,H,H,2.74,1.74,1.76
2693,D1,2012-05-05,0.0954413590784,0.177432599417,0.727126041504,0.727126041504,-0.0136146992364,H,H,1.35,0.35,
2694,E2,2014-02-22,0.382829717343,0.279099617628,0.338070665029,0.382829717343,-0.0408990962168,A,H,2.36,-1.0,-1.0
2695,E1,2009-11-23,0.388117712418,0.301662065432,0.31022022215,0.388117712418,-0.0447827204821,A,A,2.31,1.31,
2696,SC0,2012-11-17,0.590954200969,0.240411708019,0.168634091012,0.590954200969,-0.0500714400569,A,A,1.56,0.56,0.63
2697,D1,2015-04-04,0.353526986824,0.275139764251,0.371333248925,0.371333248925,-0.00602524164119,H,A,2.65,-1.0,-1.0
2698,E2,2015-03-28,0.234361364731,0.27022553808,0.495413097189,0.495413097189,-0.0254202361441,H,H,1.92,0.92,0.99
2699,E2,2014-04-21,0.289079207908,0.281796108439,0.429124683653,0.429124683653,-0.0338382793095,H,H,2.16,1.16,1.25
2700,E1,2012-04-21,0.201420573978,0.273016364535,0.525563061487,0.525563061487,-0.0661529148443,H,A,1.69,-1.0,-1.0
2701,E1,2015-04-25,0.170417705122,0.226967238096,0.602615056783,0.602615056783,-0.0146688938344,H,H,1.62,0.62,0.62
2702,SP1,2016-03-19,0.641594103373,0.239951218052,0.118454678575,0.641594103373,-0.0206575522561,A,H,1.51,-1.0,-1.0
2703,D1,2010-11-27,0.36336289691,0.305019252815,0.331617850275,0.36336289691,-0.0111689382957,A,D,2.67,-1.0,-1.0
2704,SP1,2015-03-15,0.0875207728636,0.193969926182,0.718509300954,0.718509300954,-0.00612838020543,H,H,1.38,0.38,0.38
2705,SP1,2017-03-19,0.258218645925,0.272646756375,0.4691345977,0.4691345977,-0.0259149072503,H,H,2.02,1.02,1.08
2706,E1,2010-01-26,0.327959865787,0.289701543861,0.382338590352,0.382338590352,-0.0241654746886,H,H,2.46,1.46,
2707,E1,2013-12-21,0.385977511128,0.295871029099,0.318151459773,0.385977511128,-0.0413729162225,A,A,2.34,1.34,1.32
2708,E1,2015-04-03,0.390895342557,0.308895137119,0.300209520323,0.390895342557,-0.0275146992835,A,D,2.39,-1.0,-1.0
2709,I1,2013-05-11,0.0709388833546,0.156738261025,0.77232285562,0.77232285562,-0.0150787191829,H,H,1.27,0.27,0.29
2710,E2,2013-12-21,0.349865582042,0.296828346685,0.353306071273,0.353306071273,-0.0565299943005,H,H,2.44,1.44,1.52
2711,E1,2016-11-19,0.257729106853,0.304427809909,0.437843083238,0.437843083238,-0.0596693545729,H,H,2.01,1.01,1.05
2712,E1,2013-11-09,0.323431909858,0.270180396417,0.406387693725,0.406387693725,-0.00344837184863,H,A,2.44,-1.0,-1.0
2713,E1,2013-02-02,0.276169442298,0.256782349391,0.467048208311,0.467048208311,-0.0137210224579,H,H,2.08,1.08,1.2
2714,SP1,2012-02-06,0.383820979021,0.298680593155,0.317498427824,0.383820979021,-0.03458906282,A,H,2.39,-1.0,-1.0
2715,E2,2010-04-17,0.341798963834,0.292401891363,0.365799144803,0.365799144803,-0.0543689224239,H,A,2.38,-1.0,-1.0
2716,I1,2015-04-29,0.351125747828,0.291680446804,0.357193805369,0.357193805369,0.00876174961951,H,D,2.87,-1.0,-1.0
2717,E1,2016-04-16,0.200423532417,0.266852128834,0.532724338749,0.532724338749,-0.0137237486825,H,D,1.83,-1.0,-1.0
2718,F1,2012-11-11,0.401494253552,0.301522615252,0.296983131197,0.401494253552,-0.0314061793488,A,D,2.31,-1.0,-1.0
2719,E1,2013-05-04,0.151910728853,0.219110395333,0.628978875814,0.628978875814,-0.0161824145085,H,D,1.55,-1.0,-1.0
2720,SP1,2016-05-01,0.214183383559,0.242114010063,0.543702606379,0.543702606379,0.000224345509034,H,H,1.84,0.84,0.86
2721,D1,2011-04-02,0.107458826767,0.204658241723,0.68788293151,0.68788293151,-0.0163424206024,H,H,1.42,0.42,
2722,D1,2011-12-17,0.248848346682,0.233643894967,0.517507758351,0.517507758351,0.0224582534005,H,H,2.02,1.02,
2723,I1,2010-03-12,0.466906588234,0.292604571811,0.240488839955,0.466906588234,-0.05665362119,A,H,1.91,-1.0,-1.0
2724,E2,2012-01-21,0.159628806642,0.258307780321,0.582063413037,0.582063413037,-0.0630978772855,H,D,1.55,-1.0,-1.0
2725,SP1,2014-02-02,0.567238610782,0.238585812034,0.194175577184,0.567238610782,-0.0388219952789,A,D,1.65,-1.0,-1.0
2726,E0,2012-01-31,0.503553397619,0.276001697278,0.220444905102,0.503553397619,-0.0458971518313,A,H,1.82,-1.0,-1.0
2727,D1,2010-04-03,0.431350654611,0.285315731061,0.283333614328,0.431350654611,-0.0273649417188,A,H,2.18,-1.0,-1.0
2728,E1,2011-01-03,0.415114982841,0.285286468563,0.299598548596,0.415114982841,-0.0333155104322,A,A,2.23,1.23,
2729,I1,2013-03-10,0.0602696088754,0.181724721726,0.758005669399,0.758005669399,-0.0171881290506,H,H,1.29,0.29,0.31
2730,E1,2009-12-28,0.367192680176,0.296037231246,0.336770088577,0.367192680176,-0.029632716649,A,H,2.52,-1.0,-1.0
2731,D1,2014-11-22,0.280389427113,0.279474535778,0.440136037109,0.440136037109,-0.0315620760988,H,D,2.12,-1.0,-1.0
2732,I1,2011-11-27,0.321681697967,0.271805536137,0.406512765896,0.406512765896,0.0361423955257,H,H,2.7,1.7,
2733,E2,2016-02-16,0.340512877178,0.267693996378,0.391793126444,0.391793126444,-0.0283749407826,H,D,2.38,-1.0,-1.0
2734,SP1,2010-01-16,0.579456136758,0.244931110799,0.175612752443,0.579456136758,-0.049474680852,A,H,1.59,-1.0,-1.0
2735,E0,2011-12-31,0.0447113153107,0.167348098142,0.787940586547,0.787940586547,-0.00571020710368,H,H,1.26,0.26,
2736,SP1,2010-11-07,0.318627885631,0.293540659793,0.387831454576,0.387831454576,-0.0323366126512,H,H,2.38,1.38,
2737,I1,2009-11-29,0.465517555453,0.290782022178,0.243700422369,0.465517555453,-0.0499463620731,A,H,1.94,-1.0,-1.0
2738,SP1,2010-01-24,0.306846798747,0.260576794466,0.432576406787,0.432576406787,0.0260723417463,H,H,2.46,1.46,
2739,SC0,2015-01-23,0.510722049975,0.270409691382,0.218868258643,0.510722049975,-0.0607065214538,A,D,1.75,-1.0,-1.0
2740,I1,2016-05-15,0.271073155385,0.253755310663,0.475171533952,0.475171533952,0.00347342074436,H,D,2.12,-1.0,-1.0
2741,D1,2014-03-15,0.488978424136,0.265472126199,0.245549449665,0.488978424136,-0.0373373653381,A,D,1.9,-1.0,-1.0
2742,E2,2012-11-24,0.225047831075,0.274839054938,0.500113113987,0.500113113987,-0.05854610389,H,D,1.79,-1.0,-1.0
2743,F1,2015-02-14,0.0561998183187,0.140033308959,0.803766872722,0.803766872722,0.0037668727225,H,D,1.25,-1.0,-1.0
2744,D1,2016-11-19,0.44330006911,0.284984418353,0.271715512537,0.44330006911,-0.0239896505157,A,H,2.14,-1.0,-1.0
2745,I1,2011-02-05,0.370229200986,0.280375301368,0.349395497646,0.370229200986,-0.0362748640547,A,A,2.46,1.46,
2746,I1,2009-11-29,0.414078129738,0.294404366143,0.291517504119,0.414078129738,-0.0363723207124,A,A,2.22,1.22,
2747,D1,2015-11-01,0.234442582114,0.279201306722,0.486356111164,0.486356111164,-0.0212581020339,H,A,1.97,-1.0,-1.0
2748,I1,2011-02-06,0.221067228567,0.239129851977,0.539802919456,0.539802919456,0.0243390019302,H,H,1.94,0.94,
2749,E1,2014-05-03,0.416712502027,0.265209439292,0.318078058681,0.416712502027,-0.0357761857559,A,A,2.21,1.21,1.26
2750,I1,2011-01-09,0.380922612016,0.304664379093,0.31441300889,0.380922612016,-0.0357440546502,A,H,2.4,-1.0,-1.0
2751,SP1,2015-02-16,0.24967600937,0.308817483042,0.441506507588,0.441506507588,-0.0257832120381,H,A,2.14,-1.0,-1.0
2752,I1,2010-03-21,0.151626452973,0.27104282435,0.577330722677,0.577330722677,-0.0399532279406,H,D,1.62,-1.0,-1.0
2753,E1,2014-02-11,0.352604951812,0.276117765766,0.371277282422,0.371277282422,0.0154053963014,H,A,2.81,-1.0,-1.0
2754,I1,2011-05-01,0.0453414476636,0.134356981997,0.820301570339,0.820301570339,-0.0130317629939,H,H,1.2,0.2,
2755,E2,2013-11-02,0.357736284083,0.284891288422,0.357372427495,0.357736284083,-0.0375206329131,A,H,2.53,-1.0,-1.0
2756,SC0,2014-01-25,0.401181863319,0.299275297796,0.299542838884,0.401181863319,-0.035499359388,A,H,2.29,-1.0,-1.0
2757,F1,2016-12-17,0.182174801071,0.269216167586,0.548609031343,0.548609031343,-0.00387715650207,H,A,1.81,-1.0,-1.0
2758,E2,2016-04-19,0.236264610775,0.259149747481,0.504585641744,0.504585641744,-0.0330487668584,H,H,1.86,0.86,0.9
2759,E1,2012-12-01,0.262308436779,0.256844891539,0.480846671681,0.480846671681,-0.0142028332692,H,D,2.02,-1.0,-1.0
2760,D1,2011-03-04,0.0717911845053,0.175392577764,0.752816237731,0.752816237731,-0.0164145315002,H,H,1.3,0.3,
2761,SC0,2013-03-16,0.310844624829,0.316919488504,0.372235886667,0.372235886667,-0.0682927476946,H,H,2.27,1.27,1.3
2762,E0,2013-04-13,0.049954688865,0.140058046582,0.809987264553,0.809987264553,0.00353565165005,H,H,1.24,0.24,0.26
2763,E0,2012-04-11,0.709096549584,0.180769836877,0.110133613539,0.709096549584,-0.0261975680634,A,H,1.36,-1.0,-1.0
2764,F1,2012-02-18,0.30657952591,0.295113607867,0.398306866223,0.398306866223,-0.0201031756184,H,H,2.39,1.39,
2765,I1,2010-12-11,0.304010606944,0.298315175141,0.397674217915,0.397674217915,-0.0296762094356,H,A,2.34,-1.0,-1.0
2766,E2,2011-01-29,0.221880743404,0.277009157985,0.501110098611,0.501110098611,-0.0394304419291,H,A,1.85,-1.0,-1.0
2767,F1,2014-02-01,0.269932672643,0.287258665299,0.442808662058,0.442808662058,-0.0201543009054,H,H,2.16,1.16,1.19
2768,E0,2011-03-05,0.104935301036,0.230528463158,0.664536235806,0.664536235806,-0.020395271043,H,D,1.46,-1.0,-1.0
2769,E1,2015-01-31,0.37364128009,0.279656271671,0.346702448239,0.37364128009,-0.0412964792464,A,A,2.41,1.41,1.53
2770,SC0,2014-01-25,0.166595584174,0.249960876366,0.583443539459,0.583443539459,-0.0534991356998,H,A,1.57,-1.0,-1.0
2771,E1,2016-03-05,0.29298015522,0.282412358238,0.424607486542,0.424607486542,-0.0178703895637,H,A,2.26,-1.0,-1.0
2772,E1,2015-03-07,0.153985743986,0.225168173951,0.620846082063,0.620846082063,-0.0120653103421,H,D,1.58,-1.0,-1.0
2773,E2,2016-02-02,0.364384249197,0.291573159964,0.344042590839,0.364384249197,-0.0277726135478,A,A,2.55,1.55,1.68
2774,E1,2011-12-26,0.36322122111,0.292531934125,0.344246844765,0.36322122111,-0.0199205413424,A,H,2.61,-1.0,-1.0
2775,E2,2010-02-20,0.321903593303,0.282755640552,0.395340766145,0.395340766145,-0.032009661205,H,H,2.34,1.34,
2776,E0,2017-01-21,0.160887560139,0.227710938946,0.611401500915,0.611401500915,0.0161634056772,H,H,1.68,0.68,0.7
2777,E0,2014-03-30,0.131187312782,0.169725226504,0.699087460715,0.699087460715,0.00943228830092,H,H,1.45,0.45,0.46
2778,D1,2015-04-11,0.400703546182,0.286181457705,0.313114996113,0.400703546182,-0.0321968867185,A,H,2.31,-1.0,-1.0
2779,E0,2012-12-29,0.305130121999,0.274508545779,0.420361332222,0.420361332222,-0.00157959604796,H,A,2.37,-1.0,-1.0
2780,E1,2017-02-26,0.164811399583,0.238540452879,0.596648147538,0.596648147538,0.00493217120675,H,D,1.69,-1.0,-1.0
2781,E1,2011-03-12,0.126805449878,0.225792996901,0.647401553221,0.647401553221,-0.0328705556226,H,H,1.47,0.47,
2782,SC0,2016-01-16,0.260086619018,0.275016490375,0.464896890607,0.464896890607,-0.0505670269187,H,D,1.94,-1.0,-1.0
2783,E0,2009-12-26,0.0954596005503,0.2315704352,0.67296996425,0.67296996425,-0.0263307350511,H,H,1.43,0.43,
2784,E2,2016-12-26,0.164268472796,0.219493552166,0.616237975037,0.616237975037,-0.00876202496275,H,H,1.6,0.6,0.63
2785,E1,2012-03-20,0.210873928624,0.28222372458,0.506902346796,0.506902346796,-0.039545740636,H,H,1.83,0.83,
2786,E2,2011-03-22,0.258703181914,0.27146131125,0.469835506836,0.469835506836,-0.0227753306027,H,H,2.03,1.03,
2787,E0,2014-04-05,0.314245716296,0.282611351851,0.403142931852,0.403142931852,-0.0152671099885,H,A,2.39,-1.0,-1.0
2788,E1,2015-01-10,0.393995832953,0.289687293111,0.316316873936,0.393995832953,-0.0465328014087,A,A,2.27,1.27,1.3
2789,SP1,2010-05-01,0.217458123901,0.285152957609,0.497388918491,0.497388918491,-0.0431516220499,H,D,1.85,-1.0,-1.0
2790,E1,2013-04-16,0.297336741325,0.289738593191,0.412924665485,0.412924665485,-0.0416207890608,H,H,2.2,1.2,1.26
2791,E0,2012-02-01,0.215295568001,0.281915610513,0.502788821486,0.502788821486,-0.0436592659456,H,D,1.83,-1.0,-1.0
2792,I1,2012-01-29,0.194754565789,0.26720393158,0.538041502631,0.538041502631,-0.0114090468196,H,H,1.82,0.82,
2793,SC0,2009-12-20,0.558885811302,0.261713072076,0.179401116623,0.558885811302,-0.0700450063083,A,H,1.59,-1.0,-1.0
2794,SP1,2010-12-05,0.267777044509,0.299333708319,0.432889247172,0.432889247172,-0.0597215902661,H,H,2.03,1.03,
2795,SP1,2009-11-07,0.034470421967,0.112241195741,0.853288382292,0.853288382292,-0.00141247240906,H,H,1.17,0.17,
2796,F1,2017-04-18,0.890136955699,0.0672816552475,0.0425813890534,0.890136955699,0.0426793285804,A,A,1.18,0.18,0.18
2797,E2,2017-02-11,0.218353450912,0.259588434116,0.522058114972,0.522058114972,-0.0243899724592,H,D,1.83,-1.0,-1.0
2798,E2,2016-02-06,0.42929212887,0.251965201996,0.318742669134,0.42929212887,-0.0294234674604,A,A,2.18,1.18,1.2
2799,E1,2017-04-22,0.455359093972,0.242674100667,0.301966805361,0.455359093972,-0.042153343839,A,H,2.01,-1.0,-1.0
2800,D1,2011-05-07,0.203516203654,0.237237484991,0.559246311354,0.559246311354,-0.0057254400583,H,A,1.77,-1.0,-1.0
2801,SP1,2014-01-06,0.0110454748752,0.029689553602,0.959264971523,0.959264971523,0.050174062432,H,H,1.1,0.1,0.11
2802,E1,2010-04-05,0.229755037196,0.283049536285,0.487195426519,0.487195426519,-0.0447194670983,H,H,1.88,0.88,
2803,SC0,2010-11-13,0.357548520734,0.287719680684,0.354731798582,0.357548520734,-0.0285518653664,A,A,2.59,1.59,
2804,SC0,2013-02-16,0.0858623437456,0.179720782068,0.734416874186,0.734416874186,-0.0231588833898,H,H,1.32,0.32,0.33
2805,F1,2014-01-25,0.695991217444,0.204902857879,0.0991059246767,0.695991217444,-0.0234332429875,A,D,1.39,-1.0,-1.0
2806,SP1,2013-01-14,0.227416062724,0.276803758017,0.495780179259,0.495780179259,-0.0418542293433,H,D,1.86,-1.0,-1.0
2807,D1,2012-02-17,0.310609882429,0.291290867064,0.398099250506,0.398099250506,-0.038581972201,H,D,2.29,-1.0,-1.0
2808,E2,2012-04-06,0.326474825276,0.284212918756,0.389312255968,0.389312255968,-0.025625503368,H,H,2.41,1.41,
2809,E1,2012-12-22,0.181385844198,0.251760359248,0.566853796553,0.566853796553,-0.0213814975643,H,A,1.7,-1.0,-1.0
2810,D1,2013-02-01,0.248717045469,0.226117366192,0.525165588339,0.525165588339,-0.0067493052784,H,H,1.88,0.88,0.92
2811,E2,2011-03-08,0.388752936728,0.283138734166,0.328108329106,0.388752936728,-0.0422815460307,A,H,2.32,-1.0,-1.0
2812,SP1,2013-01-28,0.108402021848,0.198545026555,0.693052951597,0.693052951597,-0.0161669065587,H,H,1.41,0.41,0.42
2813,D1,2010-03-20,0.0868205697962,0.186421314734,0.726758115469,0.726758115469,-0.0251215837788,H,H,1.33,0.33,
2814,E0,2014-04-26,0.166233073846,0.257766443974,0.576000482179,0.576000482179,-0.0264091563752,H,H,1.66,0.66,0.69
2815,SP1,2015-04-08,0.818719666647,0.0723559580583,0.108924375295,0.818719666647,0.00571153656557,A,A,1.23,0.23,0.25
2816,E1,2017-02-24,0.304964896288,0.290571537472,0.40446356624,0.40446356624,-0.01747736203,H,D,2.37,-1.0,-1.0
2817,F1,2010-12-18,0.298608792229,0.297220933597,0.404170274174,0.404170274174,-0.014239767667,H,D,2.39,-1.0,-1.0
2818,SP1,2011-01-22,0.135267863786,0.215581593789,0.649150542425,0.649150542425,-0.0219903971727,H,H,1.49,0.49,
2819,SP1,2011-03-13,0.243456442059,0.29112057542,0.465422982521,0.465422982521,-0.0247730959108,H,H,2.04,1.04,
2820,E2,2013-04-01,0.250307075749,0.267226207654,0.482466716598,0.482466716598,-0.0150457212133,H,D,2.01,-1.0,-1.0
2821,I1,2013-11-24,0.471273846844,0.281041357011,0.247684796145,0.471273846844,-0.0415466659762,A,D,1.95,-1.0,-1.0
2822,E2,2010-03-13,0.365708341443,0.285655492057,0.348636166501,0.365708341443,-0.0424549238633,A,H,2.45,-1.0,-1.0
2823,E2,2015-04-11,0.218005723144,0.267434413911,0.514559862944,0.514559862944,-0.0536219552377,H,H,1.76,0.76,0.78
2824,F1,2013-12-14,0.507017857213,0.277965858847,0.21501628394,0.507017857213,-0.0485376983426,A,A,1.8,0.8,0.83
2825,SP1,2015-11-22,0.127815240094,0.230699155668,0.641485604238,0.641485604238,-0.0164091326042,H,D,1.52,-1.0,-1.0
2826,D1,2010-12-18,0.53043619209,0.256970611153,0.212593196757,0.53043619209,-0.0345355593222,A,H,1.77,-1.0,-1.0
2827,E2,2012-12-08,0.277882567154,0.25842477364,0.463692659206,0.463692659206,-0.00579090886903,H,A,2.13,-1.0,-1.0
2828,E1,2011-02-12,0.164945290499,0.25750065435,0.577554055152,0.577554055152,-0.0397298954655,H,H,1.62,0.62,
2829,E1,2011-04-30,0.214893737455,0.26579048473,0.519315777814,0.519315777814,-0.0488660403674,H,H,1.76,0.76,
2830,I1,2012-05-02,0.527003443717,0.279187733017,0.193808823267,0.527003443717,-0.0543919051206,A,A,1.72,0.72,
2831,E0,2013-01-01,0.0748065270869,0.190505888093,0.73468758482,0.73468758482,-0.0115810718965,H,H,1.34,0.34,0.35
2832,E0,2013-12-26,0.597695537543,0.240740532454,0.161563930003,0.597695537543,-0.0433301034827,A,A,1.56,0.56,0.57
2833,F1,2011-03-06,0.262726691252,0.323471197118,0.41380211163,0.41380211163,-0.0692896758099,H,A,2.07,-1.0,-1.0
2834,D1,2012-03-31,0.714350127535,0.173887350981,0.111762521484,0.714350127535,-0.0209439901119,A,A,1.36,0.36,
2835,E2,2010-04-10,0.32508749456,0.268213095281,0.406699410159,0.406699410159,-0.0206510171918,H,H,2.34,1.34,
2836,I1,2013-01-06,0.0664653983952,0.187090156422,0.746444445183,0.746444445183,-0.0111313123928,H,H,1.32,0.32,0.35
2837,SC0,2016-01-22,0.151853203798,0.21511947984,0.633027316362,0.633027316362,-0.0205674548796,H,H,1.53,0.53,0.58
2838,I1,2009-11-29,0.199144960564,0.287896860927,0.512958178509,0.512958178509,-0.0488395742998,H,H,1.78,0.78,
2839,SP1,2015-04-12,0.425566578233,0.255650295201,0.318783126566,0.425566578233,-0.0506238979574,A,D,2.1,-1.0,-1.0
2840,F1,2009-12-20,0.419121210292,0.296213587554,0.284665202153,0.419121210292,-0.0459950687776,A,D,2.15,-1.0,-1.0
2841,SC0,2014-02-15,0.237389646473,0.273350980776,0.489259372751,0.489259372751,-0.0315739605827,H,H,1.92,0.92,0.96
2842,SP1,2014-03-27,0.419732991452,0.288834853889,0.291432154659,0.419732991452,-0.032755696331,A,A,2.21,1.21,1.21
2843,E1,2014-03-01,0.143661673524,0.228253120167,0.628085206309,0.628085206309,-0.0170760840131,H,D,1.55,-1.0,-1.0
2844,SP1,2017-01-22,0.63800061115,0.189874692364,0.172124696486,0.63800061115,-0.0155941600916,A,A,1.53,0.53,0.55
2845,D1,2014-04-19,0.684590118906,0.175488678997,0.139921202097,0.684590118906,-0.0246297392499,A,A,1.41,0.41,0.44
2846,SC0,2016-11-26,0.292559734463,0.295408789021,0.412031476515,0.412031476515,-0.0710603109245,H,D,2.07,-1.0,-1.0
2847,SC0,2014-02-22,0.299035192035,0.292762973346,0.408201834619,0.408201834619,-0.0505137617113,H,H,2.18,1.18,1.22
2848,F1,2012-02-25,0.22199308402,0.278386189217,0.499620726763,0.499620726763,-0.00289183605099,H,H,1.99,0.99,
2849,SC0,2016-02-27,0.152430221207,0.212456071024,0.635113707769,0.635113707769,-0.0100475825537,H,H,1.55,0.55,0.58
2850,E2,2017-02-28,0.243211094692,0.288380390291,0.468408515017,0.468408515017,-0.026640989933,H,D,2.02,-1.0,-1.0
2851,SP1,2014-01-05,0.314943490425,0.295945152358,0.389111357217,0.389111357217,-0.0258264021193,H,H,2.41,1.41,1.47
2852,E0,2014-12-06,0.158428845714,0.231715308522,0.609855845764,0.609855845764,-0.0190749718459,H,D,1.59,-1.0,-1.0
2853,SC0,2009-11-07,0.381177639456,0.296024211865,0.322798148679,0.381177639456,-0.0498568433022,A,D,2.32,-1.0,-1.0
2854,E0,2010-12-29,0.0614009041359,0.190796138371,0.747802957493,0.747802957493,-0.00977280008265,H,A,1.32,-1.0,-1.0
2855,I1,2012-05-02,0.461612207494,0.264044355564,0.274343436941,0.461612207494,-0.0485918741384,A,H,1.96,-1.0,-1.0
2856,E1,2011-02-22,0.0971058273617,0.21217819363,0.690715979009,0.690715979009,-0.0235697352772,H,D,1.4,-1.0,-1.0
2857,E2,2015-01-17,0.177738194173,0.259926014288,0.562335791539,0.562335791539,-0.051161140976,H,H,1.63,0.63,0.67
2858,SC0,2014-12-27,0.387081251791,0.29057939682,0.322339351389,0.387081251791,-0.0295854148756,A,H,2.4,-1.0,-1.0
2859,I1,2015-05-17,0.0597019504611,0.16695012872,0.773347920819,0.773347920819,-0.00184587763102,H,H,1.29,0.29,0.31
2860,SC0,2015-02-21,0.212615532576,0.243324853418,0.544059614005,0.544059614005,-0.0114959415501,H,A,1.8,-1.0,-1.0
2861,E2,2016-01-16,0.381490964391,0.285514234633,0.332994800976,0.381490964391,-0.0334467949446,A,A,2.41,1.41,1.5
2862,D1,2012-03-09,0.161111535612,0.229486443524,0.609402020864,0.609402020864,-0.00788192975369,H,D,1.62,-1.0,-1.0
2863,SP1,2017-02-11,0.173879701023,0.269463992143,0.556656306835,0.556656306835,-0.0281390148027,H,H,1.71,0.71,0.75
2864,E1,2014-04-19,0.252022950863,0.291044408821,0.456932640317,0.456932640317,-0.0585312772092,H,A,1.94,-1.0,-1.0
2865,E1,2010-03-27,0.344369575274,0.275767571353,0.379862853373,0.379862853373,-0.0077340458518,H,A,2.58,-1.0,-1.0
2866,E0,2015-02-07,0.028356694202,0.0999081302214,0.871735175577,0.871735175577,0.024277548458,H,D,1.18,-1.0,-1.0
2867,SP1,2011-01-15,0.195686453677,0.257133714293,0.54717983203,0.54717983203,-0.0342155168071,H,A,1.72,-1.0,-1.0
2868,E2,2010-04-13,0.255439068096,0.296726078429,0.447834853475,0.447834853475,-0.0676290640509,H,D,1.94,-1.0,-1.0
2869,D1,2017-01-28,0.176792241916,0.229439762767,0.593767995317,0.593767995317,0.0190553516391,H,H,1.74,0.74,0.74
2870,F1,2016-05-07,0.299070134452,0.303306788517,0.397623077031,0.397623077031,-0.0122129885425,H,H,2.44,1.44,1.47
2871,E0,2014-12-26,0.197395774267,0.253037902762,0.549566322971,0.549566322971,-0.00598923258434,H,A,1.8,-1.0,-1.0
2872,F1,2011-01-15,0.215019542698,0.30764756162,0.477332895683,0.477332895683,-0.0462273137413,H,D,1.91,-1.0,-1.0
2873,F1,2012-12-02,0.303837092525,0.292778398525,0.40338450895,0.40338450895,-0.0185564193198,H,H,2.37,1.37,1.4
2874,E1,2014-12-13,0.18070805342,0.235013756017,0.584278190563,0.584278190563,-0.0109599046752,H,H,1.68,0.68,0.69
2875,F1,2011-04-09,0.224141299407,0.282128167218,0.493730533375,0.493730533375,-0.0190899794455,H,D,1.95,-1.0,-1.0
2876,E1,2016-11-26,0.277373732885,0.27296433504,0.449661932075,0.449661932075,-0.0133010308878,H,A,2.16,-1.0,-1.0
2877,E1,2010-01-09,0.209462280019,0.29048719368,0.5000505263,0.5000505263,-0.0617472265088,H,D,1.78,-1.0,-1.0
2878,D1,2012-11-10,0.274532946642,0.267852379398,0.45761467396,0.45761467396,-0.0301902040886,H,D,2.05,-1.0,-1.0
2879,SP1,2017-04-30,0.460255892727,0.242810860469,0.296933246803,0.460255892727,-0.0397441072725,A,D,2.0,-1.0,-1.0
2880,E2,2017-01-02,0.27240892422,0.256177881885,0.471413193894,0.471413193894,-0.0116785935454,H,D,2.07,-1.0,-1.0
2881,SP1,2014-03-15,0.807701175289,0.107280454293,0.0850183704175,0.807701175289,0.0140503816383,A,A,1.26,0.26,0.28
2882,F1,2012-02-04,0.137323844308,0.262046830528,0.600629325164,0.600629325164,-0.0363133499955,H,H,1.57,0.57,
2883,E2,2013-04-16,0.437171083203,0.251324732541,0.311504184257,0.437171083203,-0.0554397542358,A,H,2.03,-1.0,-1.0
2884,E0,2015-03-15,0.213116533973,0.264649120997,0.52223434503,0.52223434503,-0.0302518428158,H,H,1.81,0.81,0.82
2885,E0,2011-12-12,0.334302149572,0.311092548599,0.354605301829,0.354605301829,-0.0603324575075,H,H,2.41,1.41,
2886,D1,2016-04-08,0.126575580754,0.217697442615,0.655726976631,0.655726976631,-0.0109396900356,H,D,1.5,-1.0,-1.0
2887,E2,2014-03-25,0.240413290225,0.293392273613,0.466194436163,0.466194436163,-0.0492694813631,H,H,1.94,0.94,0.94
2888,E0,2017-04-22,0.26596455601,0.262376486799,0.471658957191,0.471658957191,0.0129433608611,H,H,2.18,1.18,1.15
2889,D1,2014-05-03,0.381590364097,0.281838778157,0.336570857746,0.381590364097,-0.0282457014772,A,A,2.44,1.44,1.47
2890,I1,2015-01-18,0.129786557194,0.244038325434,0.626175117372,0.626175117372,-0.0231755319783,H,A,1.54,-1.0,-1.0
2891,I1,2010-04-11,0.257081011241,0.532981444752,0.209937544007,0.532981444752,-0.0805154877634,D,A,1.63,-1.0,-1.0
2892,I1,2016-11-06,0.674659774002,0.218081363402,0.107258862596,0.674659774002,-0.0149953984113,A,A,1.45,0.45,0.49
2893,D1,2010-02-07,0.142864139895,0.254499298205,0.602636561901,0.602636561901,-0.0223634380994,H,A,1.6,-1.0,-1.0
2894,D1,2012-11-17,0.377233984534,0.282625477355,0.340140538111,0.377233984534,-0.0195914122913,A,H,2.52,-1.0,-1.0
2895,E1,2017-03-04,0.468538590957,0.263600398464,0.26786101058,0.468538590957,-0.0416654906759,A,H,1.96,-1.0,-1.0
2896,SC0,2010-01-12,0.339072417268,0.276187175463,0.384740407269,0.384740407269,0.00595252848113,H,H,2.64,1.64,
2897,D1,2017-05-13,0.267924122204,0.245527075527,0.486548802269,0.486548802269,-0.0210654109294,H,D,1.97,-1.0,-1.0
2898,F1,2014-03-29,0.479161505962,0.27200907725,0.248829416788,0.479161505962,-0.0363024115639,A,D,1.94,-1.0,-1.0
2899,E2,2014-11-29,0.443715504051,0.270505680966,0.285778814983,0.443715504051,-0.041721389153,A,D,2.06,-1.0,-1.0
2900,E0,2014-11-02,0.221965423419,0.24115024684,0.53688432974,0.53688432974,0.0049694361233,H,H,1.88,0.88,0.9
2901,F1,2013-05-11,0.279187175547,0.291632472598,0.429180351856,0.429180351856,-0.0192501414179,H,H,2.23,1.23,1.34
2902,E1,2012-11-03,0.337944804774,0.271136913377,0.390918281849,0.390918281849,-0.0223048586471,H,H,2.42,1.42,1.44
2903,E2,2014-12-13,0.205598271335,0.266968317061,0.527433411604,0.527433411604,-0.0506012704768,H,A,1.73,-1.0,-1.0
2904,E0,2011-03-19,0.0863816807444,0.207581757558,0.706036561698,0.706036561698,-0.00824915258759,H,H,1.4,0.4,
2905,D1,2013-12-08,0.441539033411,0.274030743464,0.284430223125,0.441539033411,-0.0369298661108,A,A,2.09,1.09,1.11
2906,SP1,2014-04-26,0.427437120376,0.267938088606,0.304624791018,0.427437120376,-0.0271083341693,A,A,2.2,1.2,1.31
2907,SC0,2015-05-09,0.170438042085,0.215297948637,0.614264009278,0.614264009278,-0.014666808332,H,A,1.59,-1.0,-1.0
2908,F1,2014-04-20,0.0784848306691,0.21111315018,0.710402019151,0.710402019151,-0.0248920984964,H,H,1.36,0.36,0.38
2909,I1,2016-03-06,0.065264173023,0.154865913863,0.779869913114,0.779869913114,-0.00138008688642,H,H,1.28,0.28,0.3
2910,E1,2011-12-26,0.261334392408,0.26590830457,0.472757303022,0.472757303022,-0.0374467786108,H,A,1.96,-1.0,-1.0
2911,D1,2012-04-28,0.291445884722,0.257003008067,0.451551107211,0.451551107211,-0.029218123558,H,H,2.08,1.08,
2912,SP1,2011-05-07,0.25728747778,0.282761944015,0.459950578205,0.459950578205,-0.0185183213167,H,D,2.09,-1.0,-1.0
2913,I1,2010-02-28,0.307896593712,0.297671736553,0.394431669735,0.394431669735,-0.0205060896013,H,D,2.41,-1.0,-1.0
2914,E2,2010-01-30,0.290044394726,0.283777167341,0.426178437933,0.426178437933,-0.0411112816935,H,D,2.14,-1.0,-1.0
2915,SC0,2010-01-23,0.160706081494,0.266523268758,0.572770649748,0.572770649748,-0.052229350252,H,H,1.6,0.6,
2916,SP1,2015-12-12,0.154840276784,0.201089056918,0.644070666298,0.644070666298,-0.0138240705443,H,H,1.52,0.52,0.53
2917,E0,2010-12-29,0.627828939867,0.232537299825,0.139633760308,0.627828939867,-0.0388377267995,A,D,1.5,-1.0,-1.0
2918,E2,2010-01-16,0.295705547384,0.279746241985,0.424548210631,0.424548210631,-0.0384147523319,H,H,2.16,1.16,
2919,E2,2013-04-01,0.165118969255,0.262093154403,0.572787876342,0.572787876342,-0.0444960742751,H,D,1.62,-1.0,-1.0
2920,SP1,2017-02-26,0.356540277512,0.288238535114,0.355221187374,0.356540277512,-0.0138300928584,A,D,2.7,-1.0,-1.0
2921,I1,2009-11-22,0.291309582495,0.294146263958,0.414544153547,0.414544153547,-0.0128062738038,H,A,2.34,-1.0,-1.0
2922,E1,2016-12-03,0.411694084209,0.297802631949,0.290503283842,0.411694084209,-0.0367364090649,A,A,2.23,1.23,1.24
2923,F1,2012-04-07,0.0896271279122,0.206313966469,0.704058905618,0.704058905618,-0.0205787755411,H,H,1.38,0.38,
2924,E2,2014-01-28,0.439293319551,0.267622785363,0.293083895086,0.439293319551,-0.0368971566397,A,H,2.1,-1.0,-1.0
2925,F1,2011-03-05,0.304090528425,0.303271560876,0.392637910698,0.392637910698,-0.0222998486379,H,H,2.41,1.41,
2926,D1,2015-03-13,0.116498756479,0.203610237083,0.679891006438,0.679891006438,-0.00976416597561,H,H,1.45,0.45,0.46
2927,F1,2012-12-15,0.472253750013,0.289000307842,0.238745942145,0.472253750013,-0.0432101675129,A,D,1.94,-1.0,-1.0
2928,E2,2014-02-22,0.393686902374,0.270803329595,0.33550976803,0.393686902374,-0.0429943203329,A,A,2.29,1.29,1.37
2929,D1,2015-12-19,0.315110748235,0.284114086661,0.400775165104,0.400775165104,-0.0229536484552,H,A,2.36,-1.0,-1.0
2930,SP1,2010-04-17,0.708016166232,0.175355801895,0.116628031873,0.708016166232,-0.0495595913433,A,D,1.32,-1.0,-1.0
2931,I1,2010-04-03,0.306231114867,0.322651548502,0.37111733663,0.37111733663,-0.0455493300365,H,D,2.4,-1.0,-1.0
2932,E0,2016-03-01,0.49911320108,0.25809504707,0.24279175185,0.49911320108,-0.0356461572085,A,A,1.87,0.87,0.91
2933,E2,2010-02-02,0.317125126114,0.259603738846,0.423271135039,0.423271135039,-0.00407929231097,H,H,2.34,1.34,
2934,E2,2011-02-05,0.363176388888,0.268793547707,0.368030063405,0.368030063405,0.00571122282562,H,A,2.76,-1.0,-1.0
2935,E2,2012-03-10,0.307989206682,0.288488745916,0.403522047402,0.403522047402,-0.0449084458718,H,D,2.23,-1.0,-1.0
2936,E2,2011-03-29,0.281190147338,0.270582878595,0.448226974067,0.448226974067,-0.0302419254543,H,H,2.09,1.09,
2937,F1,2016-02-02,0.336069386221,0.309238173715,0.354692440063,0.354692440063,-0.0374644226819,H,A,2.55,-1.0,-1.0
2938,F1,2014-12-03,0.320569764926,0.271319460988,0.408110774086,0.408110774086,0.0321709244619,H,D,2.66,-1.0,-1.0
2939,D1,2015-12-04,0.1699185237,0.223580978651,0.60650049765,0.60650049765,-0.0224303199605,H,H,1.59,0.59,0.61
2940,E2,2009-12-05,0.205847810682,0.254921047725,0.539231141593,0.539231141593,-0.0194280762845,H,H,1.79,0.79,
2941,SP1,2015-01-18,0.830279207466,0.0964180498714,0.0733027426622,0.830279207466,0.017271077385,A,A,1.23,0.23,0.25
2942,F1,2012-04-15,0.437130284805,0.285280415043,0.277589300151,0.437130284805,-0.0459615026342,A,D,2.07,-1.0,-1.0
2943,I1,2016-01-06,0.427665271833,0.285345021272,0.286989706895,0.427665271833,-0.0289557327328,A,D,2.19,-1.0,-1.0
2944,I1,2013-03-30,0.424090374731,0.284184037964,0.291725587305,0.424090374731,-0.0325306298357,A,A,2.19,1.19,1.18
2945,I1,2012-01-08,0.3655430291,0.316014962282,0.318442008618,0.3655430291,-0.0360633966028,A,A,2.49,1.49,
2946,E0,2014-12-26,0.0559275940099,0.144934034856,0.799138371134,0.799138371134,0.00548757748317,H,H,1.26,0.26,0.28
2947,I1,2014-01-26,0.470450631447,0.279612933664,0.249936434889,0.470450631447,-0.0450132860783,A,A,1.94,0.94,1.01
2948,D1,2011-02-05,0.336337109659,0.28175909768,0.381903792661,0.381903792661,-0.0246002723794,H,H,2.46,1.46,
2949,SP1,2015-01-24,0.182419608496,0.272163005684,0.54541738582,0.54541738582,-0.029295257858,H,H,1.74,0.74,0.78
2950,SC0,2011-04-30,0.244232327464,0.254611140048,0.501156532488,0.501156532488,0.00115653248794,H,A,2.0,-1.0,-1.0
2951,SC0,2011-01-15,0.2215923442,0.293365840463,0.485041815337,0.485041815337,-0.07361740254,H,H,1.79,0.79,
2952,SC0,2012-02-21,0.230003801134,0.28546575393,0.484530444936,0.484530444936,-0.0473844486808,H,H,1.88,0.88,
2953,SP1,2015-05-02,0.970020238731,0.0267527142948,0.00322704697403,0.970020238731,0.0525890460706,A,A,1.09,0.09,0.09
2954,F1,2013-11-02,0.33835315227,0.297708928467,0.363937919263,0.363937919263,-0.0162902176192,H,H,2.63,1.63,1.7
2955,E1,2012-11-06,0.246646366313,0.247482163184,0.505871470502,0.505871470502,0.00587147050241,H,H,2.0,1.0,1.08
2956,I1,2016-02-19,0.602571692762,0.273409134494,0.124019172744,0.602571692762,-0.022428307238,A,D,1.6,-1.0,-1.0
2957,I1,2011-12-18,0.478901743445,0.306311000045,0.214787256509,0.478901743445,-0.0530131501719,A,A,1.88,0.88,
2958,I1,2013-02-23,0.279970532458,0.297521650858,0.422507816685,0.422507816685,-0.049190296523,H,D,2.12,-1.0,-1.0
2959,E0,2010-11-13,0.303099024737,0.283782197465,0.413118777798,0.413118777798,-0.0142316495522,H,A,2.34,-1.0,-1.0
2960,SP1,2017-02-11,0.833633715925,0.0901032616375,0.0762630224373,0.833633715925,0.027182103022,A,A,1.24,0.24,0.26
2961,SP1,2013-11-03,0.0679450943302,0.191970051105,0.740084854565,0.740084854565,-0.0174909030109,H,H,1.32,0.32,0.33
2962,E2,2015-01-24,0.415625290994,0.254235990363,0.330138718643,0.415625290994,-0.040995713572,A,H,2.19,-1.0,-1.0
2963,SP1,2013-12-16,0.322680508374,0.301445688748,0.375873802879,0.375873802879,-0.0460671253913,H,H,2.37,1.37,1.51
2964,E0,2011-04-02,0.336661766702,0.289440625363,0.373897607935,0.373897607935,-0.0261023920647,H,H,2.5,1.5,
2965,D1,2010-04-03,0.338778874444,0.277534204549,0.383686921007,0.383686921007,-0.0295362194887,H,H,2.42,1.42,
2966,I1,2017-02-05,0.30191492112,0.312056734023,0.386028344858,0.386028344858,-0.0359125834123,H,D,2.37,-1.0,-1.0
2967,I1,2016-03-19,0.171244613073,0.246860928065,0.581894458862,0.581894458862,-0.00634083525611,H,D,1.7,-1.0,-1.0
2968,E2,2014-04-25,0.385501586597,0.283250983981,0.331247429422,0.385501586597,-0.0400303282966,A,A,2.35,1.35,1.42
2969,E0,2012-03-26,0.0373866760963,0.16604057387,0.796572750034,0.796572750034,-0.00987886286971,H,H,1.24,0.24,
2970,D1,2013-12-14,0.545950148475,0.225840581694,0.228209269831,0.545950148475,-0.0320845336055,A,D,1.73,-1.0,-1.0
2971,E0,2011-04-30,0.356156382021,0.279603100004,0.364240517975,0.364240517975,0.00709766083247,H,D,2.8,-1.0,-1.0
2972,D1,2015-05-23,0.448837629038,0.21815047894,0.333011892022,0.448837629038,-0.0365992641655,A,A,2.06,1.06,1.14
2973,D1,2012-02-18,0.413612732894,0.290356010388,0.296031256718,0.413612732894,-0.0308317115503,A,A,2.25,1.25,
2974,F1,2012-11-03,0.428112774097,0.291130375954,0.280756849949,0.428112774097,-0.0285082304692,A,D,2.19,-1.0,-1.0
2975,E1,2014-03-29,0.364227806923,0.28121412965,0.354558063427,0.364227806923,-0.0422762581179,A,D,2.46,-1.0,-1.0
2976,SP1,2010-04-18,0.327018228545,0.280162579522,0.392819191933,0.392819191933,-0.0238474747335,H,D,2.4,-1.0,-1.0
2977,E1,2016-04-09,0.330135814155,0.28686420726,0.382999978585,0.382999978585,-0.0354100632564,H,H,2.39,1.39,1.46
2978,F1,2013-05-04,0.455460321817,0.29530166423,0.249238013954,0.455460321817,-0.0299765713872,A,H,2.06,-1.0,-1.0
2979,SC0,2016-11-26,0.342588866572,0.281251970787,0.37615916264,0.37615916264,-0.00845622197501,H,H,2.6,1.6,1.76
2980,E2,2017-03-21,0.346867609825,0.290299058563,0.362833331613,0.362833331613,-0.0355730428894,H,D,2.51,-1.0,-1.0
2981,I1,2013-11-24,0.709182614269,0.180533843422,0.110283542308,0.709182614269,-0.0207443930302,A,A,1.37,0.37,0.4
2982,E2,2014-03-29,0.453345767302,0.276451495714,0.270202736984,0.453345767302,-0.0441666705087,A,D,2.01,-1.0,-1.0
2983,E0,2017-04-09,0.759299775264,0.159245179336,0.0814550454004,0.759299775264,0.0130311185472,A,A,1.34,0.34,0.36
2984,E2,2013-04-10,0.445894259412,0.274258304093,0.279847436495,0.445894259412,-0.0395426337917,A,A,2.06,1.06,1.06
2985,SP1,2015-12-12,0.273061250221,0.283746306375,0.443192443404,0.443192443404,-0.032998032787,H,H,2.1,1.1,1.12
2986,E0,2011-01-15,0.331388030755,0.289523774588,0.379088194657,0.379088194657,-0.0130686680878,H,D,2.55,-1.0,-1.0
2987,E2,2015-02-21,0.16310972891,0.264413939549,0.572476331541,0.572476331541,-0.0486416808815,H,D,1.61,-1.0,-1.0
2988,E1,2014-04-08,0.227184784375,0.285833713724,0.4869815019,0.4869815019,-0.0449333917168,H,H,1.88,0.88,0.94
2989,SP1,2017-04-16,0.345531290376,0.229290200325,0.425178509299,0.425178509299,0.0314777218975,H,D,2.54,-1.0,-1.0
2990,SP1,2014-02-15,0.00346557395209,0.0158258022249,0.980708623823,0.980708623823,0.0461291845707,H,H,1.07,0.07,0.07
2991,SP1,2010-12-12,0.243727806735,0.272932441133,0.483339752132,0.483339752132,-0.0321241653943,H,D,1.94,-1.0,-1.0
2992,D1,2016-02-07,0.326536029021,0.307582879556,0.365881091424,0.365881091424,-0.0357253342793,H,D,2.49,-1.0,-1.0
2993,E0,2017-02-27,0.600237014796,0.213805869459,0.185957115745,0.600237014796,-0.0170469358216,A,H,1.62,-1.0,-1.0
2994,D1,2010-03-07,0.186099885543,0.256944076789,0.556956037668,0.556956037668,-0.024439311169,H,A,1.72,-1.0,-1.0
2995,E1,2015-11-28,0.277661418965,0.28527631872,0.437062262315,0.437062262315,-0.0174831922303,H,D,2.2,-1.0,-1.0
2996,E2,2013-03-29,0.193130744663,0.253905334749,0.552963920589,0.552963920589,-0.00883383222027,H,H,1.78,0.78,0.79
2997,SP1,2015-04-29,0.603604825811,0.220060384164,0.176334790025,0.603604825811,-0.0293065665944,A,A,1.58,0.58,0.63
2998,F1,2011-11-06,0.388333229903,0.331375561273,0.280291208824,0.388333229903,-0.0390171974472,A,D,2.34,-1.0,-1.0
2999,F1,2012-04-18,0.32958746468,0.291396265517,0.379016269803,0.379016269803,-0.00412549264926,H,H,2.61,1.61,
3000,D1,2011-11-20,0.320762158259,0.282745296291,0.39649254545,0.39649254545,-0.0382900632455,H,H,2.3,1.3,
3001,E2,2010-02-20,0.433964661724,0.28678874857,0.279246589705,0.433964661724,-0.0445042377973,A,H,2.09,-1.0,-1.0
3002,SP1,2010-04-13,0.468314590815,0.268605500143,0.263079909043,0.468314590815,-0.0552456186095,A,H,1.91,-1.0,-1.0
3003,SC0,2011-01-22,0.0664271728203,0.144942872466,0.788629954713,0.788629954713,-0.0178216581899,H,H,1.24,0.24,
3004,F1,2012-12-13,0.245746766472,0.304831975158,0.44942125837,0.44942125837,-0.0456282465803,H,D,2.02,-1.0,-1.0
3005,E1,2010-04-05,0.232760161182,0.293733630575,0.473506208243,0.473506208243,-0.061253150046,H,H,1.87,0.87,
3006,E0,2015-01-01,0.374909875806,0.294670849496,0.330419274698,0.374909875806,-0.0219155210195,A,H,2.52,-1.0,-1.0
3007,E0,2014-03-22,0.722316046631,0.157107839497,0.120576113873,0.722316046631,-0.00761096066872,A,A,1.37,0.37,0.38
3008,E1,2012-03-17,0.304446526114,0.29455498645,0.400998487436,0.400998487436,-0.0514902003471,H,A,2.21,-1.0,-1.0
3009,E0,2015-04-25,0.0567756452041,0.139136258768,0.804088096028,0.804088096028,0.0104373023771,H,H,1.26,0.26,0.27
3010,SP1,2010-03-21,0.250257662826,0.293116277961,0.456626059213,0.456626059213,-0.038423445737,H,A,2.02,-1.0,-1.0
3011,E1,2016-04-29,0.607613819395,0.231599248749,0.160786931855,0.607613819395,-0.0334118216303,A,D,1.56,-1.0,-1.0
3012,I1,2010-01-17,0.25292234172,0.276009038988,0.471068619292,0.471068619292,-0.0143682739115,H,D,2.06,-1.0,-1.0
3013,E1,2011-03-01,0.246883797173,0.275512912521,0.477603290306,0.477603290306,-0.0378606272197,H,A,1.94,-1.0,-1.0
3014,F1,2011-02-13,0.12461476299,0.258463311242,0.616921925768,0.616921925768,-0.0324287235825,H,H,1.54,0.54,
3015,SC0,2016-01-17,0.414863675633,0.264936357995,0.320199966372,0.414863675633,-0.0438519206975,A,A,2.18,1.18,1.23
3016,E1,2014-04-26,0.231227083126,0.240316578772,0.528456338101,0.528456338101,0.00762300476808,H,H,1.92,0.92,0.94
3017,I1,2015-01-26,0.095798458592,0.187541396521,0.716660144887,0.716660144887,-0.0027643155451,H,H,1.39,0.39,0.41
3018,F1,2014-12-19,0.322436883408,0.316070505262,0.361492611331,0.361492611331,-0.0517305291654,H,H,2.42,1.42,1.49
3019,D1,2013-01-25,0.0372474429118,0.118046417557,0.844706139531,0.844706139531,0.011372806198,H,H,1.2,0.2,0.22
3020,F1,2011-12-21,0.185536827692,0.287950230095,0.526512942213,0.526512942213,-0.0259732456319,H,D,1.81,-1.0,-1.0
3021,E1,2011-02-01,0.338500358371,0.284703809437,0.376795832191,0.376795832191,-0.028062467404,H,D,2.47,-1.0,-1.0
3022,F1,2016-01-22,0.226612009541,0.307225687343,0.466162303116,0.466162303116,-0.0601534863576,H,H,1.9,0.9,0.93
3023,I1,2010-04-18,0.382413097427,0.296431609337,0.321155293237,0.382413097427,-0.0467714519296,A,A,2.33,1.33,
3024,E1,2011-03-15,0.18536864593,0.263674547636,0.550956806434,0.550956806434,-0.0407591698972,H,D,1.69,-1.0,-1.0
3025,E2,2013-11-02,0.418518957175,0.28263271247,0.298848330356,0.418518957175,-0.0487707624516,A,D,2.14,-1.0,-1.0
3026,I1,2015-04-29,0.167492446525,0.240058629995,0.59244892348,0.59244892348,-0.00278917175851,H,H,1.68,0.68,0.69
3027,SP1,2014-11-09,0.380507462748,0.288592974739,0.330899562514,0.380507462748,-0.0293286028262,A,D,2.44,-1.0,-1.0
3028,I1,2014-01-05,0.163211615809,0.227788584865,0.608999799325,0.608999799325,0.00659016077107,H,H,1.66,0.66,0.69
3029,SP1,2017-03-01,0.453600482883,0.28467633215,0.261723184967,0.453600482883,-0.029491304557,A,A,2.07,1.07,1.14
3030,F1,2011-02-26,0.182361210866,0.279664863524,0.53797392561,0.53797392561,-0.0238238271992,H,H,1.78,0.78,
3031,E2,2013-12-21,0.187004722901,0.254269802164,0.558725474935,0.558725474935,-0.0260698467027,H,A,1.71,-1.0,-1.0
3032,E1,2016-03-12,0.0680224066318,0.221576379774,0.710401213594,0.710401213594,-0.0195257937055,H,D,1.37,-1.0,-1.0
3033,E0,2013-12-01,0.138731303598,0.219059204201,0.642209492201,0.642209492201,-0.00714115714981,H,H,1.54,0.54,0.57
3034,F1,2012-12-12,0.221683755954,0.286389643345,0.491926600701,0.491926600701,-0.0575239487498,H,H,1.82,0.82,0.83
3035,E2,2017-02-14,0.205496613562,0.25773288675,0.536770499689,0.536770499689,-0.00670776118104,H,D,1.84,-1.0,-1.0
3036,E0,2015-12-19,0.332591762063,0.285861746988,0.381546490949,0.381546490949,-0.0137104260471,H,A,2.53,-1.0,-1.0
3037,E1,2017-04-01,0.138882944704,0.251176121041,0.609940934255,0.609940934255,-0.0189898833546,H,A,1.59,-1.0,-1.0
3038,E0,2017-01-14,0.590672159539,0.235296834692,0.174031005769,0.590672159539,-0.019083938022,A,A,1.64,0.64,0.66
3039,F1,2012-03-03,0.147438628763,0.275844954364,0.576716416873,0.576716416873,-0.0405675337444,H,A,1.62,-1.0,-1.0
3040,E2,2010-04-17,0.336950462201,0.258160601188,0.40488893661,0.40488893661,0.00963201961421,H,A,2.53,-1.0,-1.0
3041,E2,2011-03-19,0.344240794492,0.299092488113,0.356666717395,0.356666717395,-0.0582710419413,H,A,2.41,-1.0,-1.0
3042,SP1,2015-11-28,0.00546699609237,0.0133499800215,0.981183023886,0.981183023886,0.0466035846338,H,H,1.07,0.07,0.09
3043,E1,2013-04-16,0.350950058356,0.279838233535,0.369211708109,0.369211708109,-0.00392262024947,H,A,2.68,-1.0,-1.0
3044,E0,2012-04-08,0.338412177194,0.274830023785,0.38675779902,0.38675779902,-0.0181005005747,H,H,2.47,1.47,
3045,E1,2017-02-05,0.389212441771,0.273564650715,0.337222907514,0.389212441771,-0.0418220409879,A,D,2.32,-1.0,-1.0
3046,E1,2015-12-15,0.194036368732,0.284527102361,0.521436528906,0.521436528906,-0.00766400019409,H,H,1.89,0.89,0.93
3047,SP1,2016-04-30,0.0641956680754,0.1415630287,0.794241303225,0.794241303225,0.0129913032249,H,H,1.28,0.28,0.29
3048,E2,2009-12-28,0.338314810526,0.285126256917,0.376558932557,0.376558932557,-0.047169881002,H,H,2.36,1.36,
3049,E2,2013-11-30,0.306421553296,0.293155577536,0.400422869168,0.400422869168,-0.0541225853776,H,A,2.2,-1.0,-1.0
3050,E2,2012-01-21,0.215003635207,0.254500437875,0.530495926918,0.530495926918,-0.0159521605135,H,H,1.83,0.83,
3051,I1,2017-05-13,0.297500900657,0.25496944298,0.447529656362,0.447529656362,-0.0549829064517,H,H,1.99,0.99,1.03
3052,F1,2016-01-09,0.330174938731,0.280229164101,0.389595897168,0.389595897168,-0.0041048902337,H,A,2.54,-1.0,-1.0
3053,D1,2015-05-02,0.281292231563,0.294774843017,0.42393292542,0.42393292542,-0.0455506426553,H,D,2.13,-1.0,-1.0
3054,E0,2014-05-04,0.0337543871814,0.115681613111,0.850563999708,0.850563999708,0.0172306663743,H,D,1.2,-1.0,-1.0
3055,F1,2011-04-16,0.230354514566,0.289018467426,0.480627018008,0.480627018008,-0.02698719519,H,H,1.97,0.97,
3056,F1,2015-02-15,0.33638167758,0.325204528408,0.338413794012,0.338413794012,-0.0447279684403,H,H,2.61,1.61,1.7
3057,E2,2016-04-19,0.475039992047,0.257052402422,0.267907605531,0.475039992047,-0.0457933412861,A,D,1.92,-1.0,-1.0
3058,SP1,2013-11-09,0.255456131318,0.304319469557,0.440224399126,0.440224399126,-0.0523864383129,H,D,2.03,-1.0,-1.0
3059,E0,2012-05-07,0.336266682619,0.27903715461,0.384696162771,0.384696162771,-0.0251399028028,H,A,2.44,-1.0,-1.0
3060,E0,2011-01-01,0.193019525235,0.255119124258,0.551861350507,0.551861350507,0.0113208099665,H,H,1.85,0.85,
3061,E0,2017-03-04,0.0446115000575,0.133779031451,0.821609468491,0.821609468491,0.0216094684911,H,D,1.25,-1.0,-1.0
3062,D1,2012-03-24,0.234721757018,0.22876468895,0.536513554032,0.536513554032,0.0156802206984,H,H,1.92,0.92,
3063,I1,2014-11-09,0.108362826903,0.208823664328,0.682813508768,0.682813508768,-0.00211799808084,H,H,1.46,0.46,0.46
3064,E0,2016-01-17,0.475265975697,0.246987480763,0.277746543541,0.475265975697,-0.0428687393293,A,D,1.93,-1.0,-1.0
3065,I1,2012-04-22,0.117098498213,0.225222015099,0.657679486687,0.657679486687,-0.0225926221564,H,H,1.47,0.47,
3066,D1,2011-12-11,0.594988931304,0.215714013014,0.189297055682,0.594988931304,-0.046036709722,A,A,1.56,0.56,
3067,SP1,2016-02-19,0.278639739202,0.276483443153,0.444876817645,0.444876817645,-0.0159526754427,H,H,2.17,1.17,1.19
3068,D1,2013-02-02,0.306481762403,0.260243987532,0.433274250065,0.433274250065,-0.00725438429639,H,A,2.27,-1.0,-1.0
3069,E0,2013-04-22,0.0670470993373,0.12171672622,0.811236174442,0.811236174442,0.0112361744424,H,H,1.25,0.25,0.27
3070,E1,2012-12-22,0.232108586441,0.260721111012,0.507170302546,0.507170302546,-0.0333702379945,H,D,1.85,-1.0,-1.0
3071,SC0,2011-05-11,0.645706715101,0.206698828659,0.14759445624,0.645706715101,-0.0439484573127,A,A,1.45,0.45,
3072,E2,2013-11-16,0.109335210038,0.224879528342,0.665785261621,0.665785261621,-0.0335154376801,H,H,1.43,0.43,0.45
3073,E0,2012-03-10,0.318630682115,0.293925883945,0.38744343394,0.38744343394,-0.043591048819,H,A,2.32,-1.0,-1.0
3074,I1,2009-11-28,0.174609543444,0.288019510255,0.537370946302,0.537370946302,-0.0543450300298,H,H,1.69,0.69,
3075,F1,2016-01-30,0.400108052743,0.296389493872,0.303502453384,0.400108052743,-0.032792380157,A,A,2.31,1.31,1.33
3076,SC0,2011-03-16,0.351201744357,0.288467778531,0.360330477112,0.360330477112,-0.030294522888,H,H,2.56,1.56,
3077,SC0,2011-02-12,0.34109437561,0.303047889458,0.355857734932,0.355857734932,-0.04736807152,H,H,2.48,1.48,
3078,E1,2017-02-04,0.18268598346,0.219087406037,0.598226610503,0.598226610503,-0.0267733894971,H,H,1.6,0.6,0.63
3079,D1,2012-03-11,0.248628086452,0.275597979165,0.475773934383,0.475773934383,-0.031840278815,H,H,1.97,0.97,
3080,I1,2013-03-17,0.30426198213,0.266725718833,0.429012299037,0.429012299037,0.015789158541,H,H,2.42,1.42,1.49
3081,D1,2015-05-16,0.288410416884,0.284955450083,0.426634133033,0.426634133033,-0.0472995162563,H,H,2.11,1.11,1.14
3082,SP1,2014-11-08,0.89668763998,0.0733947815659,0.0299175784544,0.89668763998,0.0419867852788,A,A,1.17,0.17,0.17
3083,E0,2015-12-12,0.371083377558,0.258965299389,0.369951323053,0.371083377558,-0.0321424288938,A,D,2.48,-1.0,-1.0
3084,E2,2009-12-01,0.273895365987,0.292500407876,0.433604226137,0.433604226137,-0.0663957738628,H,H,2.0,1.0,
3085,E2,2016-01-26,0.348249070386,0.304709003572,0.347041926042,0.348249070386,-0.01146315983,A,A,2.78,1.78,1.88
3086,D1,2014-12-13,0.58440793264,0.225347390358,0.190244677002,0.58440793264,-0.0367100797819,A,H,1.61,-1.0,-1.0
3087,E0,2010-02-02,0.793041760949,0.15083692691,0.0561213121412,0.793041760949,-0.000609032702059,A,D,1.26,-1.0,-1.0
3088,E1,2014-04-05,0.43982367809,0.283147348822,0.277028973088,0.43982367809,-0.031874435118,A,D,2.12,-1.0,-1.0
3089,F1,2011-04-09,0.256669116718,0.303131910286,0.440198972996,0.440198972996,-0.0270907466305,H,D,2.14,-1.0,-1.0
3090,E1,2013-03-12,0.282034252376,0.284502860037,0.433462887587,0.433462887587,-0.0295000753756,H,D,2.16,-1.0,-1.0
3091,I1,2011-04-17,0.209448953173,0.306774293352,0.483776753475,0.483776753475,-0.104458540643,H,A,1.7,-1.0,-1.0
3092,I1,2015-01-25,0.156155757284,0.257693511701,0.586150731015,0.586150731015,-0.0311332196021,H,A,1.62,-1.0,-1.0
3093,I1,2017-02-17,0.0118964116099,0.0809009754106,0.907202612979,0.907202612979,0.0300096305233,H,H,1.14,0.14,0.17
3094,F1,2013-01-19,0.416158419169,0.309377678387,0.274463902444,0.416158419169,-0.0263194569373,A,A,2.26,1.26,1.33
3095,E0,2009-12-28,0.515316884786,0.265978597933,0.218704517281,0.515316884786,-0.0561116866423,A,A,1.75,0.75,
3096,E1,2010-04-17,0.188933548519,0.263320528865,0.547745922616,0.547745922616,-0.0620101749449,H,H,1.64,0.64,
3097,D1,2012-11-11,0.42400310143,0.258163781546,0.317833117025,0.42400310143,-0.0347124949006,A,H,2.18,-1.0,-1.0
3098,E2,2014-04-21,0.222083342367,0.294475376966,0.483441280667,0.483441280667,-0.0690449071784,H,H,1.81,0.81,0.89
3099,E0,2013-01-13,0.371130670815,0.297343375193,0.331525953992,0.371130670815,-0.000616541081218,A,A,2.69,1.69,1.83
3100,F1,2012-03-17,0.0914216574071,0.244394380353,0.66418396224,0.66418396224,-0.025471210174,H,D,1.45,-1.0,-1.0
3101,F1,2013-05-11,0.337788716164,0.287348016645,0.374863267191,0.374863267191,0.00585957715378,H,A,2.71,-1.0,-1.0
3102,SP1,2017-01-07,0.0058500189997,0.00786620340473,0.986283777596,0.986283777596,0.0517043383432,H,H,1.07,0.07,0.08
3103,SC0,2016-04-30,0.315342896307,0.266119494339,0.418537609354,0.418537609354,-0.0298928839195,H,A,2.23,-1.0,-1.0
3104,E0,2011-04-30,0.372175952571,0.274851262759,0.35297278467,0.372175952571,-0.0169291057952,A,D,2.57,-1.0,-1.0
3105,SP1,2010-05-04,0.00478413245118,0.0147655701508,0.980450297398,0.980450297398,0.0370540709829,H,H,1.06,0.06,
3106,I1,2016-01-05,0.27921040203,0.300128696674,0.420660901296,0.420660901296,-0.0218169748098,H,A,2.26,-1.0,-1.0
3107,D1,2013-03-30,0.481902075993,0.266742821859,0.251355102149,0.481902075993,-0.0416581334315,A,A,1.91,0.91,0.93
3108,E0,2014-04-13,0.352042910293,0.257461497723,0.390495591984,0.390495591984,-0.0279144498573,H,H,2.39,1.39,1.45
3109,E2,2009-11-14,0.316884723876,0.302303710079,0.380811566045,0.380811566045,-0.0696388844054,H,H,2.22,1.22,
3110,E1,2013-05-04,0.299098636121,0.29040276006,0.410498603819,0.410498603819,-0.0440468507269,H,H,2.2,1.2,1.2
3111,E2,2012-02-14,0.250513896279,0.298953002882,0.450533100839,0.450533100839,-0.064930816687,H,H,1.94,0.94,
3112,E2,2017-03-21,0.346363260852,0.301529494909,0.352107244239,0.352107244239,-0.0478927557607,H,A,2.5,-1.0,-1.0
3113,E2,2011-04-09,0.203043899915,0.254545498977,0.542410601108,0.542410601108,-0.0423847205296,H,H,1.71,0.71,
3114,D1,2012-01-21,0.239306040509,0.263784083718,0.496909875773,0.496909875773,-0.0159106370474,H,D,1.95,-1.0,-1.0
3115,I1,2015-05-06,0.224478374805,0.294133615879,0.481388009316,0.481388009316,-0.0650600781159,H,A,1.83,-1.0,-1.0
3116,F1,2014-04-12,0.390865003361,0.297494469317,0.311640527322,0.390865003361,-0.0364854239895,A,A,2.34,1.34,1.36
3117,D1,2016-05-14,0.427621860384,0.200311650317,0.372066489299,0.427621860384,-0.0353411025786,A,A,2.16,1.16,1.22
3118,E2,2016-04-16,0.341122309169,0.250066515196,0.408811175635,0.408811175635,-0.0167207392586,H,A,2.35,-1.0,-1.0
3119,I1,2013-11-10,0.174550376944,0.243252897542,0.582196725515,0.582196725515,0.00748408183635,H,H,1.74,0.74,0.74
3120,D1,2011-12-17,0.242777594109,0.264066420599,0.493155985292,0.493155985292,-0.0144582279056,H,D,1.97,-1.0,-1.0
3121,E0,2016-12-18,0.379854848296,0.311737181776,0.308407969928,0.379854848296,-0.00476053631894,A,A,2.6,1.6,1.69
3122,E0,2016-11-26,0.355920923427,0.309315800437,0.334763276137,0.355920923427,0.00256403296732,A,H,2.83,-1.0,-1.0
3123,SP1,2010-05-01,0.334357137601,0.29912128826,0.366521574139,0.366521574139,-0.0518884677022,H,D,2.39,-1.0,-1.0
3124,E2,2012-12-29,0.192781811934,0.244879337141,0.562338850924,0.562338850924,-0.00584296725766,H,H,1.76,0.76,0.72
3125,E2,2012-03-10,0.294359264874,0.289915550522,0.415725184604,0.415725184604,-0.0429904117261,H,H,2.18,1.18,
3126,I1,2013-04-13,0.403234148842,0.286900619354,0.309865231804,0.403234148842,-0.0334470738654,A,A,2.29,1.29,1.29
3127,SP1,2014-05-04,0.183365661505,0.250204788832,0.566429549662,0.566429549662,-0.0664818427427,H,H,1.58,0.58,0.59
3128,F1,2010-01-30,0.320273188234,0.317568556261,0.362158255505,0.362158255505,-0.026946802861,H,A,2.57,-1.0,-1.0
3129,SP1,2012-02-26,0.715492743991,0.173950368465,0.110556887544,0.715492743991,-0.0252479967494,A,A,1.35,0.35,
3130,F1,2016-12-21,0.375009051523,0.282169528091,0.342821420387,0.375009051523,-0.0451590157042,A,A,2.38,1.38,1.43
3131,D1,2010-03-27,0.101371936883,0.195039622446,0.703588440671,0.703588440671,-0.026338566628,H,H,1.37,0.37,
3132,F1,2013-12-21,0.187266571315,0.290314592654,0.522418836031,0.522418836031,-0.0457629821511,H,H,1.76,0.76,0.79
3133,SP1,2012-05-13,0.576787916259,0.226399087937,0.196812995804,0.576787916259,-0.0521429013506,A,A,1.59,0.59,
3134,E1,2009-12-08,0.27670873354,0.287821472733,0.435469793727,0.435469793727,-0.034013774348,H,A,2.13,-1.0,-1.0
3135,D1,2015-04-18,0.590061067835,0.214322941712,0.195615990453,0.590061067835,-0.0272228827818,A,A,1.62,0.62,0.63
3136,E2,2016-02-26,0.280401644031,0.271513428976,0.448084926993,0.448084926993,-0.000345566280534,H,H,2.23,1.23,1.29
3137,F1,2013-01-26,0.35969895034,0.294736307076,0.345564742583,0.35969895034,-0.0435268561111,A,D,2.48,-1.0,-1.0
3138,E0,2014-03-29,0.271435413602,0.304592995718,0.42397159068,0.42397159068,-0.0433181289459,H,H,2.14,1.14,1.23
3139,D1,2016-12-20,0.234913492941,0.255470764301,0.509615742758,0.509615742758,0.00200152956004,H,A,1.97,-1.0,-1.0
3140,D1,2016-02-28,0.420843683498,0.259864129504,0.319292186998,0.420843683498,-0.0255848879302,A,D,2.24,-1.0,-1.0
3141,I1,2010-12-19,0.239027706399,0.312528978097,0.448443315504,0.448443315504,-0.0566071895462,H,H,1.98,0.98,
3142,F1,2014-04-06,0.0853848776706,0.219870273137,0.694744849193,0.694744849193,-0.0144750089632,H,H,1.41,0.41,0.45
3143,E0,2015-05-09,0.222045575375,0.278403203726,0.499551220899,0.499551220899,-0.0240089885251,H,A,1.91,-1.0,-1.0
3144,E0,2010-11-13,0.096463666581,0.215013403556,0.688522929863,0.688522929863,-0.0157024222497,H,D,1.42,-1.0,-1.0
3145,E2,2011-01-03,0.191469715205,0.262563057671,0.545967227124,0.545967227124,-0.0790327728762,H,H,1.6,0.6,
3146,E1,2015-12-12,0.362563674641,0.296501468553,0.340934856806,0.362563674641,-0.0265413837245,A,D,2.57,-1.0,-1.0
3147,SC0,2015-02-22,0.0335963988274,0.109291745746,0.857111855427,0.857111855427,0.00241100072573,H,H,1.17,0.17,0.2
3148,D1,2013-02-02,0.692547866065,0.188481126176,0.118971007759,0.692547866065,-0.0166719920908,A,A,1.41,0.41,0.43
3149,E0,2015-01-17,0.317085278841,0.306369277415,0.376545443744,0.376545443744,-0.0266803627072,H,A,2.48,-1.0,-1.0
3150,E1,2015-04-18,0.264649492297,0.287432501013,0.447918006691,0.447918006691,-0.0375188865132,H,D,2.06,-1.0,-1.0
3151,E0,2012-01-04,0.530295319381,0.272264215442,0.197440465177,0.530295319381,-0.0511000294563,A,H,1.72,-1.0,-1.0
3152,E2,2016-03-01,0.294367403742,0.240902634795,0.464729961462,0.464729961462,0.0299473527664,H,H,2.3,1.3,1.37
3153,D1,2010-02-13,0.299113809744,0.283943977526,0.41694221273,0.41694221273,-0.0294863586983,H,A,2.24,-1.0,-1.0
3154,E0,2015-04-25,0.246672578045,0.298937278144,0.454390143811,0.454390143811,-0.0358059346201,H,A,2.04,-1.0,-1.0
3155,E1,2011-01-28,0.195922053062,0.256017198706,0.548060748233,0.548060748233,-0.0367345734048,H,H,1.71,0.71,
3156,SP1,2011-02-27,0.299366335866,0.261717637523,0.438916026611,0.438916026611,0.00601559371095,H,A,2.31,-1.0,-1.0
3157,I1,2009-12-05,0.143426004512,0.251656529532,0.604917465956,0.604917465956,-0.0279939264495,H,H,1.58,0.58,
3158,I1,2015-11-21,0.524448490189,0.265829657961,0.20972185185,0.524448490189,-0.0437333279931,A,D,1.76,-1.0,-1.0
3159,D1,2015-11-28,0.321913679635,0.294019224439,0.384067095927,0.384067095927,-0.0507155127691,H,A,2.3,-1.0,-1.0
3160,E2,2014-02-01,0.430622282842,0.274519092445,0.294858624713,0.430622282842,-0.0323406801211,A,H,2.16,-1.0,-1.0
3161,E2,2015-11-24,0.198097284328,0.243958789022,0.55794392665,0.55794392665,-0.0167687170278,H,A,1.74,-1.0,-1.0
3162,E0,2016-05-15,0.0874626257971,0.157941880675,0.754595493528,0.754595493528,0.00271579427966,H,H,1.33,0.33,0.34
3163,SP1,2010-05-04,0.405778998844,0.286647741883,0.307573259273,0.405778998844,-0.0366988772626,A,H,2.26,-1.0,-1.0
3164,E0,2016-12-14,0.172695491618,0.221804826681,0.605499681701,0.605499681701,-0.00425641586023,H,H,1.64,0.64,0.65
3165,E2,2013-01-29,0.506731580425,0.254886616772,0.238381802803,0.506731580425,-0.055066172384,A,A,1.78,0.78,0.83
3166,E0,2013-03-17,0.252957500989,0.26582400443,0.481218494581,0.481218494581,-0.00897758385072,H,D,2.04,-1.0,-1.0
3167,E1,2017-03-17,0.406672903646,0.301016791654,0.2923103047,0.406672903646,-0.0188590112476,A,H,2.35,-1.0,-1.0
3168,E2,2010-04-05,0.464961433353,0.255124438857,0.279914127791,0.464961433353,-0.0585987760713,A,A,1.91,0.91,
3169,SC0,2012-12-08,0.302858727736,0.274540901225,0.422600371039,0.422600371039,-0.0340206335273,H,H,2.19,1.19,1.23
3170,SP1,2012-11-04,0.239151870834,0.268930090739,0.491918038427,0.491918038427,0.00411316037817,H,A,2.05,-1.0,-1.0
3171,SP1,2017-01-22,0.173254070787,0.253013824075,0.573732105137,0.573732105137,-0.0110632164999,H,D,1.71,-1.0,-1.0
3172,E0,2015-03-14,0.676103138822,0.174932603912,0.148964257266,0.676103138822,-0.0183413056224,A,H,1.44,-1.0,-1.0
3173,F1,2014-04-26,0.678880881694,0.20313637643,0.117982741876,0.678880881694,-0.0303389764622,A,A,1.41,0.41,0.47
3174,E0,2009-11-22,0.109109250696,0.225122138288,0.665768611016,0.665768611016,-0.019162895833,H,H,1.46,0.46,
3175,D1,2015-04-04,0.265570459538,0.245290919987,0.489138620476,0.489138620476,-0.0133739423385,H,D,1.99,-1.0,-1.0
3176,E0,2016-04-10,0.420937645977,0.278729154557,0.300333199465,0.420937645977,-0.0398918471104,A,A,2.17,1.17,1.23
3177,E0,2012-11-18,0.185120289383,0.241066643367,0.57381306725,0.57381306725,-0.0109822543874,H,A,1.71,-1.0,-1.0
3178,E2,2014-04-26,0.499111592768,0.261952266188,0.238936141044,0.499111592768,-0.0443666681015,A,D,1.84,-1.0,-1.0
3179,I1,2012-03-04,0.437713010578,0.301473149097,0.260813840325,0.437713010578,-0.0384774656121,A,A,2.1,1.1,
3180,F1,2015-11-28,0.365586154528,0.314198717644,0.320215127828,0.365586154528,-0.0235189038382,A,D,2.57,-1.0,-1.0
3181,E1,2013-03-05,0.353041050578,0.25262971094,0.394329238482,0.394329238482,0.0409723480229,H,H,2.83,1.83,2.08
3182,I1,2014-02-16,0.0191034702232,0.0805149868721,0.900381542905,0.900381542905,0.0308163255134,H,H,1.15,0.15,0.16
3183,SP1,2016-11-18,0.325931086973,0.289772657858,0.384296255169,0.384296255169,-0.0394325583901,H,H,2.36,1.36,1.37
3184,D1,2017-01-29,0.313336157145,0.295136426595,0.391527416261,0.391527416261,-0.0183086493131,H,H,2.44,1.44,1.49
3185,D1,2016-01-31,0.162773043665,0.216411318773,0.620815637562,0.620815637562,0.00353168694476,H,D,1.62,-1.0,-1.0
3186,F1,2014-02-25,0.230474909105,0.298847715016,0.470677375879,0.470677375879,-0.0395267057537,H,H,1.96,0.96,0.93
3187,SC0,2014-03-22,0.292886317256,0.288629493075,0.41848418967,0.41848418967,-0.044478773293,H,H,2.16,1.16,1.25
3188,E1,2016-01-12,0.281155896732,0.270017453416,0.448826649852,0.448826649852,-0.0342651375874,H,H,2.07,1.07,1.13
3189,E2,2017-04-22,0.142755683385,0.252652068548,0.604592248068,0.604592248068,-0.044758401283,H,H,1.54,0.54,0.6
3190,F1,2013-05-18,0.314611838444,0.297078661377,0.38830950018,0.38830950018,-0.0283571664869,H,D,2.4,-1.0,-1.0
3191,E1,2017-02-05,0.263252682882,0.276998145379,0.459749171739,0.459749171739,0.0113186784655,H,H,2.23,1.23,1.24
3192,E2,2013-12-21,0.344864885525,0.276667409223,0.378467705252,0.378467705252,0.00110921468586,H,D,2.65,-1.0,-1.0
3193,E2,2016-03-05,0.362490550816,0.297412396071,0.340097053113,0.362490550816,-0.0177375860664,A,D,2.63,-1.0,-1.0
3194,E1,2012-02-04,0.194018534842,0.268359490661,0.537621974496,0.537621974496,-0.0471733471413,H,D,1.71,-1.0,-1.0
3195,SP1,2017-04-05,0.109487181276,0.193450414208,0.697062404517,0.697062404517,0.00261796007209,H,A,1.44,-1.0,-1.0
3196,E2,2009-11-14,0.219723193664,0.258431131915,0.52184567442,0.52184567442,-0.0157887341818,H,H,1.86,0.86,
3197,D1,2011-01-29,0.195453933868,0.259617284624,0.544928781508,0.544928781508,-0.0364665673294,H,A,1.72,-1.0,-1.0
3198,I1,2012-11-03,0.165042139766,0.254324165476,0.580633694758,0.580633694758,-0.0146044004801,H,A,1.68,-1.0,-1.0
3199,D1,2011-03-13,0.426068223284,0.285706083326,0.288225693391,0.426068223284,-0.0243822271667,A,A,2.22,1.22,
3200,E1,2014-02-15,0.203189878583,0.262026183065,0.534783938352,0.534783938352,-0.023875279525,H,D,1.79,-1.0,-1.0
3201,SP1,2015-03-21,0.208587780891,0.288206581522,0.503205637587,0.503205637587,-0.00961487523383,H,D,1.95,-1.0,-1.0
3202,E0,2014-04-05,0.234844671872,0.249352920893,0.515802407235,0.515802407235,0.0132898444209,H,A,1.99,-1.0,-1.0
3203,E1,2013-01-12,0.212101225548,0.262527770228,0.525371004224,0.525371004224,-0.0460575672044,H,H,1.75,0.75,0.81
3204,E0,2015-11-07,0.296937972601,0.261759263238,0.441302764162,0.441302764162,-0.0132426903838,H,A,2.2,-1.0,-1.0
3205,F1,2017-01-22,0.207747913915,0.3011404786,0.491111607485,0.491111607485,-0.0408032861321,H,H,1.88,0.88,0.91
3206,SC0,2014-01-18,0.44741440245,0.276893199557,0.275692397993,0.44741440245,-0.0310544970716,A,H,2.09,-1.0,-1.0
3207,E1,2016-12-29,0.241413671817,0.276753180159,0.481833148023,0.481833148023,-0.0181668519766,H,D,2.0,-1.0,-1.0
3208,E0,2017-05-21,0.636118415095,0.190352137421,0.173529447484,0.636118415095,-0.0174763561464,A,A,1.53,0.53,0.55
3209,D1,2009-11-06,0.112721439085,0.213226679343,0.674051881573,0.674051881573,-0.0301734705401,H,H,1.42,0.42,
3210,SP1,2013-04-28,0.173067694904,0.251453634071,0.575478671025,0.575478671025,-0.0305819350353,H,H,1.65,0.65,0.63
3211,D1,2013-01-27,0.683758216859,0.176685685728,0.139556097413,0.683758216859,-0.0204671352537,A,A,1.42,0.42,0.42
3212,SP1,2013-02-17,0.0450219531738,0.0941073706516,0.860870676175,0.860870676175,0.0134130490559,H,H,1.18,0.18,0.21
3213,SP1,2017-05-07,0.115807691156,0.178354651816,0.705837657027,0.705837657027,0.00161230491465,H,H,1.42,0.42,0.44
3214,SP1,2016-02-21,0.418286382169,0.241801788543,0.339911829288,0.418286382169,-0.0321640682814,A,D,2.22,-1.0,-1.0
3215,E0,2017-05-16,0.00982821839891,0.0488516102249,0.941320171376,0.941320171376,0.0563644191638,H,H,1.13,0.13,0.14
3216,E2,2015-01-20,0.191590641789,0.259314754555,0.549094603657,0.549094603657,-0.0289400784241,H,D,1.73,-1.0,-1.0
3217,SP1,2017-05-05,0.17171143842,0.199423157595,0.628865403986,0.628865403986,0.0115814533684,H,D,1.62,-1.0,-1.0
3218,E0,2015-03-22,0.670661807027,0.212791417396,0.116546775577,0.670661807027,-0.0189933653868,A,A,1.45,0.45,0.48
3219,SP1,2012-11-24,0.289862246206,0.294275253386,0.415862500408,0.415862500408,-0.0626063991137,H,H,2.09,1.09,1.1
3220,E1,2010-11-27,0.259097777313,0.292568062106,0.448334160581,0.448334160581,-0.0592800526171,H,D,1.97,-1.0,-1.0
3221,F1,2009-11-28,0.268038905523,0.307831488417,0.42412960606,0.42412960606,-0.0345859902704,H,H,2.18,1.18,
3222,SC0,2014-05-10,0.292188099133,0.276107349509,0.431704551359,0.431704551359,-0.0513872360808,H,A,2.07,-1.0,-1.0
3223,F1,2017-03-17,0.381038135567,0.300718183801,0.318243680632,0.381038135567,-0.0205682901358,A,D,2.49,-1.0,-1.0
3224,E1,2010-12-28,0.20775963756,0.273892736268,0.518347626173,0.518347626173,-0.0251306346967,H,H,1.84,0.84,
3225,E2,2014-03-15,0.0780720556517,0.189043385491,0.732884558857,0.732884558857,-0.0246911987183,H,D,1.32,-1.0,-1.0
3226,I1,2015-04-18,0.131867405798,0.256691889943,0.611440704259,0.611440704259,-0.0379099450914,H,D,1.54,-1.0,-1.0
3227,E2,2011-04-25,0.0744579701496,0.175393599719,0.750148430132,0.750148430132,-0.0311015698682,H,H,1.28,0.28,
3228,E0,2016-12-17,0.55195364366,0.24810559147,0.19994076487,0.55195364366,-0.0294417051777,A,A,1.72,0.72,0.74
3229,F1,2011-03-20,0.15042436908,0.26344811731,0.58612751361,0.58612751361,-0.0428033040002,H,H,1.59,0.59,
3230,F1,2010-04-03,0.433242818741,0.28235943537,0.284397745889,0.433242818741,-0.0521940744632,A,H,2.06,-1.0,-1.0
3231,E0,2015-11-01,0.147023415766,0.206933274913,0.646043309321,0.646043309321,-0.00330734002922,H,H,1.54,0.54,0.55
3232,F1,2011-05-07,0.250785958666,0.297801339787,0.451412701547,0.451412701547,-0.0363921765015,H,D,2.05,-1.0,-1.0
3233,E0,2016-01-13,0.192386379065,0.24749814063,0.560115480306,0.560115480306,-0.0113130911227,H,A,1.75,-1.0,-1.0
3234,E1,2015-03-10,0.324284929844,0.313790645459,0.361924424697,0.361924424697,-0.0462388406089,H,H,2.45,1.45,1.59
3235,E1,2017-01-02,0.333136820213,0.292969443642,0.373893736145,0.373893736145,-0.0213631808512,H,H,2.53,1.53,1.61
3236,E0,2016-05-07,0.254816925205,0.273169512054,0.472013562741,0.472013562741,-0.0205972746974,H,H,2.03,1.03,1.07
3237,E1,2009-12-28,0.413552853828,0.282609264139,0.303837882033,0.413552853828,-0.0451627425022,A,D,2.18,-1.0,-1.0
3238,SP1,2016-11-05,0.324786984725,0.287092535268,0.388120480007,0.388120480007,0.00933260121887,H,D,2.64,-1.0,-1.0
3239,E1,2012-02-14,0.283819469338,0.269182710214,0.446997820448,0.446997820448,-0.00754763409754,H,D,2.2,-1.0,-1.0
3240,E2,2017-02-04,0.300878678456,0.252766028659,0.446355292885,0.446355292885,0.0134548599848,H,H,2.31,1.31,1.32
3241,E1,2015-04-25,0.536159796904,0.25247090789,0.211369295206,0.536159796904,-0.0520754972134,A,H,1.7,-1.0,-1.0
3242,E1,2012-03-06,0.471800300104,0.275641053319,0.252558646577,0.471800300104,-0.0490330332292,A,H,1.92,-1.0,-1.0
3243,I1,2016-01-30,0.277439817138,0.290500483543,0.432059699319,0.432059699319,-0.0163707939543,H,D,2.23,-1.0,-1.0
3244,SC0,2010-04-25,0.445395585298,0.271193538108,0.283410876594,0.445395585298,-0.0496539196527,A,A,2.02,1.02,
3245,E1,2011-01-15,0.295933810625,0.285332454252,0.418733735123,0.418733735123,-0.0378872694434,H,D,2.19,-1.0,-1.0
3246,E1,2014-11-29,0.404350908653,0.294265989398,0.301383101948,0.404350908653,-0.0323303140541,A,H,2.29,-1.0,-1.0
3247,I1,2015-05-10,0.723441362218,0.155784708575,0.120773929207,0.723441362218,-0.0228272944981,A,D,1.34,-1.0,-1.0
3248,F1,2012-12-16,0.172117428691,0.250378473387,0.577504097922,0.577504097922,-0.0249055406319,H,H,1.66,0.66,0.7
3249,D1,2016-01-31,0.00820475027806,0.0304759023276,0.961319347394,0.961319347394,0.0522284383034,H,H,1.1,0.1,0.11
3250,F1,2012-05-13,0.347715162128,0.31791916365,0.334365674221,0.347715162128,-0.0146036784514,A,D,2.76,-1.0,-1.0
3251,E2,2015-04-06,0.42958381758,0.299893117269,0.270523065151,0.42958381758,-0.0333791453825,A,A,2.16,1.16,1.21
3252,F1,2011-05-11,0.416292993442,0.293361116799,0.290345889759,0.416292993442,-0.0466699695213,A,H,2.16,-1.0,-1.0
3253,SC0,2015-05-24,0.266403901532,0.266717662184,0.466878436284,0.466878436284,-0.0459420765367,H,H,1.95,0.95,1.02
3254,SP1,2016-01-17,0.010026562898,0.00796188387187,0.98201155323,0.98201155323,0.0474321139778,H,H,1.07,0.07,0.09
3255,SC0,2016-04-03,0.126361548785,0.206947822053,0.666690629162,0.666690629162,-0.0135814796815,H,H,1.47,0.47,0.54
3256,E2,2011-01-15,0.224942714862,0.278161509049,0.496895776088,0.496895776088,-0.0586597794674,H,A,1.8,-1.0,-1.0
3257,D1,2016-12-17,0.3382789388,0.312915367335,0.348805693865,0.348805693865,-0.0511943061354,H,H,2.5,1.5,1.59
3258,E2,2012-11-06,0.223487044663,0.26289525168,0.513617703657,0.513617703657,-0.0513540477556,H,A,1.77,-1.0,-1.0
3259,I1,2010-04-10,0.121419742172,0.261001598843,0.617578658986,0.617578658986,-0.0446729966434,H,A,1.51,-1.0,-1.0
3260,E0,2014-03-22,0.274716145388,0.30795916528,0.417324689332,0.417324689332,-0.0456382736309,H,H,2.16,1.16,1.14
3261,D1,2015-04-05,0.235640392741,0.279276834661,0.485082772598,0.485082772598,-0.0277377402224,H,H,1.95,0.95,1.01
3262,D1,2010-04-24,0.070722056536,0.181327487686,0.747950455778,0.747950455778,-0.0272433426715,H,H,1.29,0.29,
3263,E2,2012-01-07,0.309488171643,0.293052840589,0.397458987769,0.397458987769,-0.0469854566755,H,H,2.25,1.25,
3264,E1,2014-12-28,0.416286819123,0.256608692091,0.327104488786,0.416286819123,-0.0510029005034,A,H,2.14,-1.0,-1.0
3265,E1,2012-12-02,0.332090142873,0.27334535899,0.394564498137,0.394564498137,-0.0135987671689,H,D,2.45,-1.0,-1.0
3266,E2,2016-11-22,0.24675175122,0.255255988221,0.49799226056,0.49799226056,-0.0311082685407,H,H,1.89,0.89,0.96
3267,E0,2016-01-16,0.213444306725,0.263204651512,0.523351041763,0.523351041763,-0.00856385185407,H,H,1.88,0.88,0.89
3268,F1,2015-05-23,0.249876460913,0.290318103416,0.459805435671,0.459805435671,-0.0427071271429,H,H,1.99,0.99,1.0
3269,SP1,2017-03-10,0.273227644647,0.25812897291,0.468643382443,0.468643382443,0.0181929319928,H,H,2.22,1.22,1.27
3270,I1,2015-01-06,0.251482091921,0.287614728489,0.46090317959,0.46090317959,-0.0467110336079,H,H,1.97,0.97,1.01
3271,E2,2012-02-04,0.346625089705,0.273606257735,0.37976865256,0.37976865256,-0.0202313474403,H,H,2.5,1.5,
3272,SP1,2012-03-25,0.508441575702,0.269833846762,0.221724577536,0.508441575702,-0.0502176421753,A,H,1.79,-1.0,-1.0
3273,E1,2014-02-01,0.363933038417,0.279711508008,0.356355453574,0.363933038417,-0.0425710266232,A,A,2.46,1.46,1.57
3274,E2,2012-12-29,0.300618769386,0.288905990583,0.410475240031,0.410475240031,-0.0524877229318,H,H,2.16,1.16,1.15
3275,F1,2012-05-20,0.583622870117,0.257749729474,0.158627400409,0.583622870117,-0.0615384202058,A,A,1.55,0.55,
3276,I1,2016-04-03,0.44419916239,0.286835088009,0.2689657496,0.44419916239,-0.0230905572357,A,A,2.14,1.14,1.17
3277,E2,2012-03-17,0.342009121223,0.268910659198,0.38908021958,0.38908021958,0.0214331607562,H,D,2.72,-1.0,-1.0
3278,E2,2013-04-01,0.140885614755,0.237269534208,0.621844851037,0.621844851037,-0.0275057983141,H,H,1.54,0.54,0.58
3279,F1,2016-04-16,0.377811199974,0.305175692589,0.317013107437,0.377811199974,-0.0441297282958,A,A,2.37,1.37,1.41
3280,E0,2012-11-28,0.127015356201,0.194581207059,0.678403436739,0.678403436739,-0.0112517356747,H,D,1.45,-1.0,-1.0
3281,E0,2013-11-30,0.587929463464,0.231803983959,0.180266552576,0.587929463464,-0.0370705365357,A,A,1.6,0.6,0.61
3282,I1,2013-03-10,0.285913058921,0.301283815377,0.412803125703,0.412803125703,-0.0296747504035,H,H,2.26,1.26,1.3
3283,I1,2011-02-13,0.24169602718,0.321835844552,0.436468128267,0.436468128267,-0.0264948346956,H,H,2.16,1.16,
3284,E2,2013-02-26,0.18083184216,0.267000956023,0.552167201818,0.552167201818,-0.053893404243,H,D,1.65,-1.0,-1.0
3285,E0,2010-03-20,0.433429793899,0.294430392884,0.272139813217,0.433429793899,-0.0295331690644,A,A,2.16,1.16,
3286,I1,2010-03-24,0.515296037386,0.27539672637,0.209307236244,0.515296037386,-0.0528857807955,A,H,1.76,-1.0,-1.0
3287,E2,2011-04-01,0.221118452273,0.235992163059,0.542889384668,0.542889384668,-0.00656116478258,H,D,1.82,-1.0,-1.0
3288,E2,2017-01-21,0.293998893886,0.271625354044,0.434375752069,0.434375752069,-0.0081021240369,H,D,2.26,-1.0,-1.0
3289,E0,2012-02-11,0.206182340329,0.247473617992,0.546344041679,0.546344041679,0.0058035011388,H,H,1.85,0.85,
3290,E0,2011-12-10,0.0594066400011,0.19079738383,0.749795976169,0.749795976169,-0.0135628024568,H,H,1.31,0.31,
3291,E1,2015-03-07,0.376853461727,0.268608729424,0.354537808849,0.376853461727,-0.0363696787687,A,H,2.42,-1.0,-1.0
3292,SP1,2013-12-15,0.0857714482084,0.18288538873,0.731343163062,0.731343163062,-0.00395095458503,H,H,1.36,0.36,0.39
3293,SP1,2010-01-03,0.328312594036,0.269219207748,0.402468198216,0.402468198216,0.0148712989917,H,D,2.58,-1.0,-1.0
3294,D1,2012-12-08,0.356626419182,0.269930489923,0.373443090895,0.373443090895,-0.0449669509459,H,H,2.39,1.39,1.45
3295,I1,2014-02-16,0.342889174565,0.300653682083,0.356457143352,0.356457143352,-0.00196579571638,H,D,2.79,-1.0,-1.0
3296,F1,2014-03-09,0.362902899912,0.318293103452,0.318803996636,0.362902899912,-0.0202388625405,A,H,2.61,-1.0,-1.0
3297,E1,2016-04-05,0.350090766077,0.312248636875,0.337660597048,0.350090766077,-0.0258490835475,A,H,2.66,-1.0,-1.0
3298,F1,2010-12-22,0.146118323975,0.265691371957,0.588190304068,0.588190304068,-0.0487523710909,H,D,1.57,-1.0,-1.0
3299,SP1,2010-01-31,0.306072788477,0.300475924021,0.393451287502,0.393451287502,-0.0509931569423,H,H,2.25,1.25,
3300,I1,2013-11-10,0.254240004697,0.307616826056,0.438143169247,0.438143169247,-0.0520529091841,H,H,2.04,1.04,1.06
3301,I1,2013-02-26,0.417786725019,0.290225476837,0.291987798143,0.417786725019,-0.0306437682543,A,H,2.23,-1.0,-1.0
3302,SP1,2017-04-25,0.468354854302,0.262353765325,0.269291380373,0.468354854302,-0.0266946506485,A,A,2.02,1.02,1.08
3303,E0,2016-01-03,0.454200282195,0.274118633854,0.271681083951,0.454200282195,-0.0312366110088,A,A,2.06,1.06,1.07
3304,E1,2012-02-14,0.311637394473,0.279730310096,0.408632295431,0.408632295431,-0.0377962759977,H,A,2.24,-1.0,-1.0
3305,E0,2010-04-14,0.144727402192,0.244519391242,0.610753206566,0.610753206566,-0.034408083757,H,D,1.55,-1.0,-1.0
3306,E2,2014-01-11,0.171327583436,0.243559144206,0.585113272358,0.585113272358,-0.017296366196,H,H,1.66,0.66,0.65
3307,E0,2012-12-01,0.676468190167,0.189860172708,0.133671637125,0.676468190167,-0.0277571619456,A,A,1.42,0.42,0.46
3308,E0,2016-02-06,0.151885243005,0.211642168218,0.636472588777,0.636472588777,0.0114725887772,H,A,1.6,-1.0,-1.0
3309,SC0,2012-12-26,0.231569364592,0.263017100897,0.505413534511,0.505413534511,-0.0351270060299,H,D,1.85,-1.0,-1.0
3310,SC0,2016-12-10,0.178252486285,0.246959321799,0.574788191915,0.574788191915,-0.0276214466388,H,D,1.66,-1.0,-1.0
3311,I1,2010-02-21,0.133849693783,0.262429549036,0.603720757181,0.603720757181,-0.0252100604294,H,H,1.59,0.59,
3312,I1,2011-12-03,0.0789490904822,0.222534411355,0.698516498162,0.698516498162,-0.026121182997,H,H,1.38,0.38,
3313,I1,2011-11-20,0.10014206043,0.237809673627,0.662048265943,0.662048265943,-0.0276069064707,H,H,1.45,0.45,
3314,E1,2013-02-02,0.201538808643,0.258919834839,0.539541356518,0.539541356518,-0.0160141990379,H,H,1.8,0.8,0.8
3315,E1,2017-04-01,0.326137359257,0.296431636413,0.377431004331,0.377431004331,-0.0131939956693,H,H,2.56,1.56,1.63
3316,E0,2014-12-26,0.460989223188,0.274082260285,0.264928516527,0.460989223188,-0.0244476700156,A,A,2.06,1.06,1.12
3317,E1,2015-12-15,0.318309889734,0.290027523445,0.391662586821,0.391662586821,-0.0165006784847,H,D,2.45,-1.0,-1.0
3318,E2,2012-03-24,0.292375013415,0.272309271691,0.435315714895,0.435315714895,-0.0233998814355,H,A,2.18,-1.0,-1.0
3319,F1,2015-03-21,0.260951608791,0.300009385138,0.439039006072,0.439039006072,-0.0239239568913,H,D,2.16,-1.0,-1.0
3320,E0,2009-12-26,0.602652280089,0.248595704776,0.148752015135,0.602652280089,-0.0509424911528,A,D,1.53,-1.0,-1.0
3321,I1,2012-05-13,0.332456683928,0.414447608006,0.253095708066,0.414447608006,-0.0485153549573,D,A,2.16,-1.0,-1.0
3322,E1,2011-02-19,0.253637825254,0.287676847496,0.45868532725,0.45868532725,-0.0515187543829,H,H,1.96,0.96,
3323,F1,2013-01-20,0.38019471978,0.301911092598,0.317894187622,0.38019471978,-0.0330284207154,A,A,2.42,1.42,1.56
3324,E0,2009-11-29,0.414990752787,0.268261556813,0.3167476904,0.414990752787,-0.0501255262823,A,A,2.15,1.15,
3325,D1,2015-11-21,0.821586986371,0.0971231695842,0.0812898440444,0.821586986371,0.0215869863715,A,A,1.25,0.25,0.26
3326,F1,2011-11-26,0.362355157296,0.311316161149,0.326328681555,0.362355157296,-0.0237452288044,A,A,2.59,1.59,
3327,E1,2015-01-10,0.287072323493,0.295092353093,0.417835323414,0.417835323414,-0.0560983258753,H,A,2.11,-1.0,-1.0
3328,F1,2010-05-05,0.189375682287,0.269727713149,0.540896604564,0.540896604564,-0.0305319668647,H,D,1.75,-1.0,-1.0
3329,E1,2013-03-01,0.433563474907,0.276633075692,0.289803449401,0.433563474907,-0.0272660181804,A,D,2.17,-1.0,-1.0
3330,F1,2009-11-08,0.291299327458,0.320431029879,0.388269642663,0.388269642663,-0.0409149066936,H,H,2.33,1.33,
3331,E1,2010-01-16,0.164932009564,0.246150308359,0.588917682077,0.588917682077,-0.0171429239836,H,H,1.65,0.65,
3332,E2,2014-04-12,0.209669556271,0.245285149092,0.545045294637,0.545045294637,-0.00440525481404,H,H,1.82,0.82,0.88
3333,SP1,2012-12-15,0.333952724188,0.31037628152,0.355670994292,0.355670994292,-0.0575521462042,H,D,2.42,-1.0,-1.0
3334,E0,2013-05-12,0.119629658095,0.219264267598,0.661106074307,0.661106074307,-0.0145696013686,H,H,1.48,0.48,0.5
3335,SC0,2011-12-28,0.379002730458,0.308518385318,0.312478884223,0.379002730458,-0.0194036440437,A,D,2.51,-1.0,-1.0
3336,E0,2017-01-02,0.581376334345,0.228178537459,0.190445128195,0.581376334345,-0.0283797632155,A,A,1.64,0.64,0.65
3337,E2,2012-05-05,0.18894421799,0.259953863464,0.551101918546,0.551101918546,-0.0661820320709,H,H,1.62,0.62,
3338,E2,2015-01-12,0.410022145376,0.293853245665,0.296124608958,0.410022145376,-0.0324557307299,A,A,2.26,1.26,1.27
3339,E1,2016-02-20,0.202134506928,0.231758217421,0.566107275651,0.566107275651,-0.0221280184667,H,H,1.7,0.7,0.72
3340,E1,2010-02-27,0.357327992102,0.302808288457,0.339863719441,0.357327992102,-0.0317770662637,A,H,2.57,-1.0,-1.0
3341,I1,2013-11-10,0.25826604847,0.289526933327,0.452207018203,0.452207018203,-0.0332298750005,H,H,2.06,1.06,1.1
3342,F1,2015-12-06,0.171387110375,0.257460586514,0.571152303111,0.571152303111,-0.0349083029499,H,D,1.65,-1.0,-1.0
3343,I1,2013-12-22,0.360002359393,0.295932348194,0.344065292413,0.360002359393,-0.0173561311727,A,H,2.65,-1.0,-1.0
3344,E1,2012-12-01,0.201174078659,0.260843666967,0.537982254374,0.537982254374,-0.0502530397434,H,A,1.7,-1.0,-1.0
3345,I1,2016-01-06,0.0891567689958,0.194362923983,0.716480307021,0.716480307021,-0.00294415341083,H,D,1.39,-1.0,-1.0
3346,E2,2017-02-28,0.305400785969,0.277884985657,0.416714228374,0.416714228374,-0.0199669943334,H,H,2.29,1.29,1.38
3347,D1,2011-05-14,0.444019231809,0.240155140515,0.315825627676,0.444019231809,-0.0510302731416,A,A,2.02,1.02,
3348,F1,2011-05-11,0.243529168801,0.314798108245,0.441672722954,0.441672722954,-0.0414190644858,H,D,2.07,-1.0,-1.0
3349,SP1,2011-12-04,0.384659310633,0.29812657613,0.317214113237,0.384659310633,-0.028563829863,A,H,2.42,-1.0,-1.0
3350,I1,2010-03-28,0.174843397888,0.432209438793,0.392947163319,0.432209438793,-0.10542496981,D,D,1.86,0.86,
3351,SP1,2012-02-19,0.294899561077,0.280524607164,0.424575831759,0.424575831759,-0.00645865099983,H,H,2.32,1.32,
3352,SC0,2010-05-05,0.343515784833,0.295743326453,0.360740888714,0.360740888714,-0.0441174108814,H,D,2.47,-1.0,-1.0
3353,SP1,2015-11-22,0.26645424618,0.28219103176,0.45135472206,0.45135472206,-0.0116082409027,H,A,2.16,-1.0,-1.0
3354,SP1,2016-05-15,0.264242971619,0.244559331886,0.491197696495,0.491197696495,-0.00880230350472,H,H,2.0,1.0,1.06
3355,D1,2011-05-14,0.161353843991,0.205842502257,0.632803653752,0.632803653752,-0.0123576365703,H,H,1.55,0.55,
3356,E2,2011-02-12,0.278739873984,0.258657102537,0.462603023479,0.462603023479,-0.0324464814712,H,H,2.02,1.02,
3357,D1,2015-04-04,0.442671460929,0.290930028163,0.266398510908,0.442671460929,-0.0268121071465,A,A,2.13,1.13,1.18
3358,SC0,2014-04-19,0.353043884171,0.27838624722,0.36856986861,0.36856986861,-0.0298365058924,H,H,2.51,1.51,1.63
3359,SP1,2015-04-09,0.333332391169,0.294447682791,0.37221992604,0.37221992604,-0.0342841390008,H,D,2.46,-1.0,-1.0
3360,SC0,2013-11-09,0.132301262407,0.2327488172,0.634949920393,0.634949920393,-0.0317167462737,H,A,1.5,-1.0,-1.0
3361,E2,2015-11-14,0.119408956653,0.224080951658,0.656510091689,0.656510091689,-0.0284214151607,H,H,1.46,0.46,0.48
3362,E1,2009-12-28,0.291676840158,0.2622073536,0.446115806243,0.446115806243,0.0132153733424,H,H,2.31,1.31,
3363,SP1,2016-01-30,0.124170573554,0.21060440107,0.665225025376,0.665225025376,-0.00144164129069,H,H,1.5,0.5,0.52
3364,E2,2013-04-06,0.146107542142,0.250760380615,0.603132077243,0.603132077243,-0.0338105979165,H,H,1.57,0.57,0.6
3365,E2,2009-11-24,0.377441224481,0.286020858222,0.336537917296,0.377441224481,-0.0427268427456,A,H,2.38,-1.0,-1.0
3366,I1,2010-11-14,0.144280206189,0.256018602076,0.599701191735,0.599701191735,-0.0292296258754,H,H,1.59,0.59,
3367,E1,2013-04-01,0.309593664997,0.287207004075,0.403199330928,0.403199330928,-0.0334818917793,H,A,2.29,-1.0,-1.0
3368,SC0,2012-11-27,0.260865473951,0.311289178858,0.427845347191,0.427845347191,-0.0772051578598,H,A,1.98,-1.0,-1.0
3369,D1,2013-03-17,0.265853527532,0.26171453823,0.472431934238,0.472431934238,-0.0201789032007,H,H,2.03,1.03,1.06
3370,F1,2013-11-24,0.134353230767,0.267329297391,0.598317471841,0.598317471841,-0.0228005405809,H,H,1.61,0.61,0.63
3371,E0,2011-12-10,0.333754358466,0.282937779206,0.383307862328,0.383307862328,-0.0215504372673,H,A,2.47,-1.0,-1.0
3372,E0,2012-02-04,0.235945267423,0.272125565859,0.491929166718,0.491929166718,-0.0343866227561,H,A,1.9,-1.0,-1.0
3373,E2,2016-05-08,0.176311509309,0.242433904749,0.581254585943,0.581254585943,-0.0104613903888,H,H,1.69,0.69,0.73
3374,E2,2013-04-09,0.195780682196,0.282197541326,0.522021776478,0.522021776478,-0.0593735723595,H,A,1.72,-1.0,-1.0
3375,E0,2011-11-06,0.233283585498,0.293747210501,0.472969204001,0.472969204001,-0.0533465854727,H,H,1.9,0.9,
3376,F1,2012-05-06,0.47468926589,0.254614491729,0.270696242381,0.47468926589,-0.0658512746508,A,A,1.85,0.85,
3377,D1,2016-03-19,0.310515607686,0.253129157048,0.436355235266,0.436355235266,0.0108233203722,H,D,2.35,-1.0,-1.0
3378,E0,2016-04-25,0.0335243026033,0.14073985291,0.825735844487,0.825735844487,0.00606371333902,H,D,1.22,-1.0,-1.0
3379,E2,2014-03-29,0.365853265887,0.277126425809,0.357020308303,0.365853265887,-0.0217436333375,A,A,2.58,1.58,1.6
3380,SP1,2017-02-05,0.0694457706685,0.168317896611,0.76223633272,0.76223633272,0.0103566334723,H,H,1.33,0.33,0.35
3381,E0,2017-01-14,0.299953941224,0.294095086477,0.405950972299,0.405950972299,0.00434454659585,H,D,2.49,-1.0,-1.0
3382,E1,2012-12-01,0.324089050457,0.273358024082,0.402552925461,0.402552925461,-0.0123848338756,H,A,2.41,-1.0,-1.0
3383,I1,2017-02-12,0.104908990798,0.165161470268,0.729929538934,0.729929538934,0.0105050785022,H,H,1.39,0.39,0.42
3384,F1,2012-04-21,0.109451476366,0.232778318501,0.657770205133,0.657770205133,-0.0271613017159,H,H,1.46,0.46,
3385,I1,2012-05-06,0.768349352099,0.163551562047,0.068099085854,0.768349352099,-0.0190522227037,A,A,1.27,0.27,
3386,E1,2015-04-27,0.0639391255665,0.151476862693,0.784584011741,0.784584011741,-0.00281756306225,H,H,1.27,0.27,0.28
3387,E1,2012-02-11,0.185551824416,0.248993738378,0.565454437207,0.565454437207,-0.0227808569108,H,D,1.7,-1.0,-1.0
3388,SC0,2015-03-21,0.412756833736,0.286401482856,0.300841683408,0.412756833736,-0.0336717376927,A,H,2.24,-1.0,-1.0
3389,E1,2011-12-10,0.37539600085,0.292994785511,0.331609213639,0.37539600085,-0.0344400647234,A,A,2.44,1.44,
3390,E1,2015-11-21,0.13024495299,0.238717186226,0.631037860784,0.631037860784,-0.00998778024164,H,H,1.56,0.56,0.6
3391,I1,2017-01-22,0.326344235777,0.316866949783,0.35678881444,0.35678881444,-0.0234393224418,H,H,2.63,1.63,1.71
3392,SP1,2010-04-13,0.3480024519,0.273072936453,0.378924611647,0.378924611647,-0.0132322510984,H,H,2.55,1.55,
3393,F1,2013-03-09,0.276966143724,0.301557234536,0.42147662174,0.42147662174,-0.0393528713476,H,H,2.17,1.17,1.3
3394,D1,2013-12-01,0.11620092361,0.196933775977,0.686865300413,0.686865300413,-0.0124353988874,H,H,1.43,0.43,0.43
3395,D1,2016-02-07,0.256117235905,0.306900343528,0.436982420567,0.436982420567,-0.0655301422475,H,A,1.99,-1.0,-1.0
3396,I1,2011-01-29,0.501961320431,0.291053772793,0.206984906776,0.501961320431,-0.0444867670006,A,A,1.83,0.83,
3397,D1,2014-05-10,0.167466563612,0.212340419264,0.620193017124,0.620193017124,-0.0334017541178,H,H,1.53,0.53,0.56
3398,SP1,2017-01-14,0.0111516682631,0.021283423213,0.967564908524,0.967564908524,0.0584739994331,H,H,1.1,0.1,0.1
3399,SC0,2010-01-27,0.237888241263,0.277710295405,0.484401463332,0.484401463332,-0.0284190494881,H,A,1.95,-1.0,-1.0
3400,E0,2017-04-10,0.523867922206,0.227571314138,0.248560763656,0.523867922206,-0.0286182656397,A,H,1.81,-1.0,-1.0
3401,E1,2015-03-14,0.0383716247485,0.118947839872,0.84268053538,0.84268053538,0.00934720204638,H,H,1.2,0.2,0.22
3402,E1,2011-12-03,0.353727031165,0.288152633117,0.358120335719,0.358120335719,-0.0235590535943,H,A,2.62,-1.0,-1.0
3403,SP1,2012-02-12,0.156212966767,0.247167884888,0.596619148345,0.596619148345,-0.0244988640777,H,A,1.61,-1.0,-1.0
3404,E1,2010-03-09,0.313665094619,0.307165007137,0.379169898243,0.379169898243,-0.0692605950301,H,D,2.23,-1.0,-1.0
3405,I1,2010-03-21,0.287942184867,0.312019115837,0.400038699296,0.400038699296,-0.0650775797738,H,A,2.15,-1.0,-1.0
3406,E2,2016-02-27,0.440309096509,0.275581439022,0.284109464469,0.440309096509,-0.0474957815398,A,A,2.05,1.05,1.09
3407,SC0,2010-04-07,0.0485515903411,0.128656955772,0.822791453887,0.822791453887,-0.0105418794466,H,H,1.2,0.2,
3408,E1,2015-04-18,0.0678997762306,0.189012209094,0.743088014676,0.743088014676,-0.00879168457243,H,D,1.33,-1.0,-1.0
3409,D1,2014-02-21,0.184964529259,0.235587152074,0.579448318667,0.579448318667,0.00141363658652,H,D,1.73,-1.0,-1.0
3410,E0,2010-04-25,0.586174028979,0.245729299431,0.16809667159,0.586174028979,-0.0467373634265,A,A,1.58,0.58,
3411,SP1,2014-01-06,0.447323798853,0.271703971373,0.280972229774,0.447323798853,-0.0266098504362,A,A,2.11,1.11,1.17
3412,I1,2017-05-21,0.0230705080556,0.101673761157,0.875255730787,0.875255730787,0.0277981036687,H,H,1.18,0.18,0.19
3413,I1,2016-03-13,0.0633064021852,0.17746680222,0.759226795595,0.759226795595,-0.0100039736355,H,D,1.3,-1.0,-1.0
3414,E2,2013-04-06,0.242419348978,0.275431954157,0.482148696865,0.482148696865,-0.0306718159555,H,A,1.95,-1.0,-1.0
3415,E0,2010-01-27,0.156136751349,0.25481330621,0.589049942441,0.589049942441,-0.0133596961132,H,H,1.66,0.66,
3416,D1,2010-11-05,0.188153962157,0.284253373331,0.527592664512,0.527592664512,-0.0784679415482,H,H,1.65,0.65,
3417,E1,2011-01-22,0.353845285452,0.289603781388,0.35655093316,0.35655093316,-0.0265908292922,H,D,2.61,-1.0,-1.0
3418,E2,2013-04-01,0.336248246611,0.287461980892,0.376289772497,0.376289772497,-0.0253166532061,H,A,2.49,-1.0,-1.0
3419,E0,2014-05-03,0.501063295918,0.256239558458,0.242697145624,0.501063295918,-0.0308515976986,A,H,1.88,-1.0,-1.0
3420,E2,2015-02-17,0.515133114187,0.266337602781,0.218529283032,0.515133114187,-0.0498386372256,A,A,1.77,0.77,0.75
3421,E0,2012-12-15,0.281804044677,0.249834818044,0.468361137279,0.468361137279,0.00964554094857,H,H,2.18,1.18,1.22
3422,I1,2015-11-21,0.12705121852,0.254211011145,0.618737770334,0.618737770334,-0.00626222966578,H,H,1.6,0.6,0.62
3423,F1,2010-02-21,0.325977292238,0.336050404617,0.337972303145,0.337972303145,-0.0786943635221,H,A,2.4,-1.0,-1.0
3424,E0,2013-12-08,0.167042273499,0.234696166691,0.598261559809,0.598261559809,0.00654558347776,H,D,1.69,-1.0,-1.0
3425,F1,2015-03-07,0.308003004279,0.307024780434,0.384972215287,0.384972215287,-0.0231910500191,H,H,2.45,1.45,1.54
3426,D1,2011-03-11,0.31213024278,0.246831203722,0.441038553498,0.441038553498,0.0208704862715,H,H,2.38,1.38,
3427,F1,2013-04-21,0.358146535275,0.308740622427,0.333112842299,0.358146535275,-0.0294503639502,A,D,2.58,-1.0,-1.0
3428,F1,2011-03-19,0.203883527935,0.307595459634,0.488521012432,0.488521012432,-0.054957248438,H,D,1.84,-1.0,-1.0
3429,E2,2012-12-26,0.353674467076,0.306721423244,0.33960410968,0.353674467076,-0.02368402349,A,A,2.65,1.65,1.75
3430,D1,2010-12-11,0.165974886329,0.243220583464,0.590804530207,0.590804530207,-0.0303134822151,H,D,1.61,-1.0,-1.0
3431,D1,2014-01-25,0.0807368344425,0.155531863197,0.763731302361,0.763731302361,0.000372523734715,H,D,1.31,-1.0,-1.0
3432,E1,2010-12-26,0.275920091977,0.303272108391,0.420807799632,0.420807799632,-0.0553826765584,H,A,2.1,-1.0,-1.0
3433,E0,2013-02-11,0.0886649052497,0.187667590372,0.723667504379,0.723667504379,-0.00625950292049,H,A,1.37,-1.0,-1.0
3434,F1,2010-11-14,0.0855116874376,0.223601733947,0.690886578615,0.690886578615,-0.0285378818166,H,H,1.39,0.39,
3435,E0,2010-12-11,0.169484393868,0.240777049707,0.589738556426,0.589738556426,-0.0275453941915,H,A,1.62,-1.0,-1.0
3436,E1,2017-01-28,0.257390563555,0.293417088991,0.449192347454,0.449192347454,-0.0410037309771,H,A,2.04,-1.0,-1.0
3437,F1,2010-03-06,0.29295122768,0.325366742019,0.381682030302,0.381682030302,-0.0708066574809,H,A,2.21,-1.0,-1.0
3438,SC0,2016-03-19,0.347733200899,0.301779521387,0.350487277714,0.350487277714,-0.0198830926565,H,A,2.7,-1.0,-1.0
3439,SP1,2011-05-07,0.417316506373,0.285402355069,0.297281138558,0.417316506373,-0.0271279380715,A,A,2.25,1.25,
3440,E1,2016-01-23,0.475085404984,0.27688288682,0.248031708197,0.475085404984,-0.0377351078369,A,A,1.95,0.95,0.98
3441,SC0,2017-02-01,0.387038503767,0.291445456563,0.321516039671,0.387038503767,-0.0211247615396,A,H,2.45,-1.0,-1.0
3442,E1,2012-11-03,0.242166483394,0.260907479824,0.496926036781,0.496926036781,-0.0266341726427,H,H,1.91,0.91,0.93
3443,D1,2014-12-06,0.487783774699,0.254692905484,0.257523319817,0.487783774699,-0.0330495586343,A,A,1.92,0.92,0.93
3444,E1,2013-12-14,0.334065721834,0.273003131123,0.392931147043,0.392931147043,-0.00706885295746,H,A,2.5,-1.0,-1.0
3445,E1,2009-12-05,0.299525515418,0.277580237228,0.422894247354,0.422894247354,-0.0100061855461,H,H,2.31,1.31,
3446,SC0,2012-04-07,0.0996162122387,0.193076797011,0.70730699075,0.70730699075,-0.0279871268968,H,H,1.36,0.36,
3447,F1,2011-02-12,0.132936597162,0.255305214016,0.611758188821,0.611758188821,-0.0292674522042,H,A,1.56,-1.0,-1.0
3448,E0,2011-12-21,0.243448590862,0.283724568868,0.47282684027,0.47282684027,-0.0426370772558,H,A,1.94,-1.0,-1.0
3449,E0,2015-12-28,0.251656398644,0.264199771624,0.484143829732,0.484143829732,-0.00605224869922,H,H,2.04,1.04,1.05
3450,SP1,2011-05-10,0.324367848299,0.279673604319,0.395958547382,0.395958547382,-0.0369418855185,H,H,2.31,1.31,
3451,I1,2014-04-27,0.300917180244,0.310731032844,0.388351786912,0.388351786912,-0.028314879755,H,H,2.4,1.4,1.47
3452,I1,2015-05-04,0.192038223567,0.249395325886,0.558566450547,0.558566450547,-0.0438431880072,H,H,1.66,0.66,0.68
3453,D1,2009-12-05,0.515353873896,0.262001803541,0.222644322563,0.515353873896,-0.0528279442857,A,D,1.76,-1.0,-1.0
3454,E0,2012-02-25,0.0631198148999,0.157409852662,0.779470332438,0.779470332438,-0.00177966756229,H,H,1.28,0.28,
3455,I1,2011-11-20,0.136451414894,0.24485085647,0.618697728636,0.618697728636,-0.0223279123899,H,H,1.56,0.56,
3456,SP1,2014-03-31,0.205792037522,0.279269362582,0.514938599895,0.514938599895,-0.0198207583933,H,A,1.87,-1.0,-1.0
3457,F1,2009-11-22,0.348131904542,0.30245937669,0.349408718769,0.349408718769,-0.018238340055,H,H,2.72,1.72,
3458,E1,2011-12-10,0.171525933269,0.239884534882,0.588589531849,0.588589531849,-0.0325284805732,H,D,1.61,-1.0,-1.0
3459,E1,2010-11-13,0.281183413511,0.297509450505,0.421307135984,0.421307135984,-0.0548833402067,H,A,2.1,-1.0,-1.0
3460,E1,2010-11-06,0.271418047262,0.305882696438,0.4226992563,0.4226992563,-0.0674968221312,H,A,2.04,-1.0,-1.0
3461,D1,2011-04-10,0.289016092372,0.250080167266,0.460903740362,0.460903740362,0.00635828581668,H,H,2.2,1.2,
3462,E2,2015-03-21,0.454271601813,0.267851852043,0.277876546144,0.454271601813,-0.0482409610006,A,H,1.99,-1.0,-1.0
3463,D1,2016-04-09,0.640047953638,0.191388770744,0.168563275618,0.640047953638,-0.0356277220374,A,A,1.48,0.48,0.5
3464,E1,2010-04-10,0.354944430004,0.277277825304,0.367777744692,0.367777744692,-0.0124503921897,H,H,2.63,1.63,
3465,E0,2011-12-26,0.23492327651,0.280421436477,0.484655287013,0.484655287013,-0.0389049224108,H,D,1.91,-1.0,-1.0
3466,E1,2015-12-19,0.3188947058,0.280886101343,0.400219192857,0.400219192857,0.0214313140689,H,A,2.64,-1.0,-1.0
3467,E1,2010-12-26,0.262189693583,0.276074343896,0.461735962521,0.461735962521,-0.02846011591,H,D,2.04,-1.0,-1.0
3468,D1,2011-04-16,0.318553439771,0.292296861173,0.389149699056,0.389149699056,-0.0418847837022,H,A,2.32,-1.0,-1.0
3469,D1,2015-05-09,0.34202140372,0.281778864686,0.376199731594,0.376199731594,-0.0238002684063,H,H,2.5,1.5,1.57
3470,F1,2013-03-31,0.50758209646,0.272896915422,0.219520988119,0.50758209646,-0.047973459096,A,A,1.8,0.8,0.79
3471,SP1,2014-02-01,0.0139183614423,0.0686627189764,0.917418919581,0.917418919581,0.0324631673689,H,A,1.13,-1.0,-1.0
3472,I1,2011-03-06,0.287220501751,0.321891321362,0.390888176887,0.390888176887,-0.0420122560138,H,D,2.31,-1.0,-1.0
3473,E0,2009-11-07,0.0654700401708,0.204438849522,0.730091110307,0.730091110307,-0.0274846472686,H,D,1.32,-1.0,-1.0
3474,D1,2017-04-01,0.00545697897565,0.0352693281746,0.95927369285,0.95927369285,0.0501827837588,H,H,1.1,0.1,0.12
3475,E2,2015-11-24,0.35890995978,0.286071951877,0.355018088343,0.35890995978,-0.0347908276218,A,A,2.54,1.54,1.65
3476,E2,2017-04-08,0.367276519038,0.312833494107,0.319889986855,0.367276519038,-0.0264242683635,A,H,2.54,-1.0,-1.0
3477,D1,2017-03-17,0.0572976948755,0.15510798677,0.787594318355,0.787594318355,0.0124005199052,H,H,1.29,0.29,0.3
3478,E1,2016-02-13,0.311045466519,0.307752762192,0.381201771289,0.381201771289,-0.0535808374064,H,A,2.3,-1.0,-1.0
3479,E0,2009-11-21,0.0149155850244,0.126598624145,0.85848579083,0.85848579083,-0.00358317468687,H,H,1.16,0.16,
3480,D1,2009-12-12,0.279367281363,0.292609547917,0.42802317072,0.42802317072,-0.0597817073285,H,H,2.05,1.05,
3481,SP1,2017-04-22,0.294611938913,0.243284877897,0.46210318319,0.46210318319,0.0156746117614,H,H,2.24,1.24,1.26
3482,SP1,2010-04-18,0.255456162625,0.303681178714,0.440862658661,0.440862658661,-0.0772720563649,H,D,1.93,-1.0,-1.0
3483,SP1,2015-02-09,0.352694928651,0.30309437942,0.344210691929,0.352694928651,-0.0136054376495,A,H,2.73,-1.0,-1.0
3484,D1,2014-04-17,0.244894510937,0.246918590149,0.508186898914,0.508186898914,0.0081868989141,H,A,2.0,-1.0,-1.0
3485,E0,2011-05-15,0.187303606748,0.223898901715,0.588797491537,0.588797491537,0.0140848478586,H,A,1.74,-1.0,-1.0
3486,E0,2014-04-05,0.0866562396708,0.151358284641,0.761985475688,0.761985475688,0.0101057764399,H,H,1.33,0.33,0.35
3487,SP1,2010-12-20,0.224069632366,0.261324155598,0.514606212036,0.514606212036,-0.00352850299002,H,D,1.93,-1.0,-1.0
3488,E2,2015-02-28,0.461728060216,0.27372319146,0.264548748324,0.461728060216,-0.0433224448343,A,H,1.98,-1.0,-1.0
3489,SP1,2015-03-08,0.271743793161,0.286437158282,0.441819048557,0.441819048557,-0.0148019560096,H,H,2.19,1.19,1.21
3490,SC0,2012-12-22,0.037547130027,0.104258162793,0.85819470718,0.85819470718,0.00349385247873,H,H,1.17,0.17,
3491,F1,2016-03-20,0.0615617260764,0.198176506408,0.740261767516,0.740261767516,-0.01731399006,H,A,1.32,-1.0,-1.0
3492,SP1,2010-12-11,0.347141547921,0.29134316593,0.361515286148,0.361515286148,-0.0384847138518,H,H,2.5,1.5,
3493,E2,2011-02-26,0.392799414178,0.284415719621,0.322784866201,0.392799414178,-0.0401010187229,A,H,2.31,-1.0,-1.0
3494,SP1,2011-02-19,0.0228526752934,0.069734684039,0.907412640668,0.907412640668,0.0302196582114,H,H,1.14,0.14,
3495,D1,2016-11-26,0.279761918511,0.281579546379,0.438658535109,0.438658535109,-0.056390969841,H,D,2.02,-1.0,-1.0
3496,D1,2013-03-03,0.798937409971,0.12689145553,0.0741711344997,0.798937409971,0.00528661631976,A,A,1.26,0.26,0.27
3497,F1,2012-05-13,0.243220761503,0.313697473971,0.443081764527,0.443081764527,-0.0594307982871,H,D,1.99,-1.0,-1.0
3498,I1,2016-04-17,0.219037610107,0.27372445952,0.507237930373,0.507237930373,-0.0135954029603,H,D,1.92,-1.0,-1.0
3499,F1,2011-11-06,0.209696363061,0.288424065449,0.50187957149,0.50187957149,-0.0415986893792,H,H,1.84,0.84,
3500,SP1,2016-04-17,0.0344382458993,0.0536925978056,0.911869156295,0.911869156295,0.0423039389038,H,A,1.15,-1.0,-1.0
3501,SC0,2011-02-19,0.349031292918,0.299047946261,0.351920760821,0.351920760821,-0.0464856136813,H,H,2.51,1.51,
3502,SP1,2012-05-13,0.220806730476,0.286413845551,0.492779423973,0.492779423973,-0.0566711254776,H,H,1.82,0.82,
3503,E0,2011-04-02,0.393492280607,0.291545639692,0.314962079701,0.393492280607,-0.0284486476631,A,H,2.37,-1.0,-1.0
3504,SP1,2012-12-01,0.128778525099,0.184127264364,0.687094210537,0.687094210537,-0.0122064887637,H,H,1.43,0.43,0.44
3505,E0,2010-02-28,0.0692336014432,0.218039655975,0.712726742582,0.712726742582,-0.0280139981586,H,H,1.35,0.35,
3506,D1,2015-02-15,0.220678895457,0.258027441919,0.521293662624,0.521293662624,-0.028156886827,H,A,1.82,-1.0,-1.0
3507,SC0,2015-01-24,0.370083730599,0.286602730275,0.343313539126,0.370083730599,-0.0267416662262,A,A,2.52,1.52,1.62
3508,F1,2011-11-26,0.223212555855,0.305765127799,0.471022316346,0.471022316346,-0.0552934731281,H,H,1.9,0.9,
3509,SC0,2010-11-06,0.359788428579,0.3055425262,0.334669045221,0.359788428579,-0.0248269560363,A,A,2.6,1.6,
3510,F1,2017-03-12,0.761559023847,0.137209292406,0.101231683747,0.761559023847,0.00398326627121,A,A,1.32,0.32,0.32
3511,E1,2011-01-01,0.245694195613,0.271991962081,0.482313842306,0.482313842306,-0.0412463671178,H,H,1.91,0.91,
3512,E0,2015-04-25,0.211033210557,0.274655406598,0.514311382844,0.514311382844,-0.0120044066294,H,D,1.9,-1.0,-1.0
3513,F1,2015-11-07,0.156152826864,0.281856758412,0.561990414724,0.561990414724,-0.0297255616073,H,D,1.69,-1.0,-1.0
3514,E2,2009-12-01,0.418013946375,0.27477145832,0.307214595305,0.418013946375,-0.0407016499556,A,A,2.18,1.18,
3515,SP1,2012-01-14,0.203402551894,0.273501804971,0.523095643136,0.523095643136,-0.0418761082768,H,D,1.77,-1.0,-1.0
3516,E0,2015-02-01,0.147926323997,0.255386209743,0.59668746626,0.59668746626,-0.0322433513496,H,A,1.59,-1.0,-1.0
3517,SP1,2017-03-05,0.202496516795,0.250656691651,0.546846791554,0.546846791554,-0.0087087640013,H,H,1.8,0.8,0.82
3518,SC0,2012-04-28,0.232666266247,0.263166872787,0.504166860965,0.504166860965,-0.00603722066723,H,D,1.96,-1.0,-1.0
3519,I1,2014-11-08,0.279279730065,0.30453866415,0.416181605785,0.416181605785,-0.0446478873024,H,D,2.17,-1.0,-1.0
3520,F1,2009-12-05,0.174392755541,0.27543066071,0.550176583749,0.550176583749,-0.027858098332,H,H,1.73,0.73,
3521,E2,2012-03-27,0.264274504808,0.277348941881,0.458376553311,0.458376553311,-0.0391358844996,H,A,2.01,-1.0,-1.0
3522,D1,2016-03-20,0.328052782606,0.232068135863,0.439879081531,0.439879081531,0.00509647283576,H,A,2.3,-1.0,-1.0
3523,D1,2016-05-07,0.226823009806,0.216543554854,0.55663343534,0.55663343534,0.0247185417234,H,H,1.88,0.88,0.89
3524,SP1,2013-04-26,0.220457732079,0.291130706942,0.488411560978,0.488411560978,-0.0640746268672,H,D,1.81,-1.0,-1.0
3525,E2,2015-03-03,0.346633289553,0.290931297588,0.362435412858,0.362435412858,-0.0391710128447,H,A,2.49,-1.0,-1.0
3526,E1,2010-02-06,0.340507197827,0.295691067315,0.363801734857,0.363801734857,-0.0494214056384,H,A,2.42,-1.0,-1.0
3527,E0,2012-02-04,0.28642552317,0.306159553358,0.407414923472,0.407414923472,-0.049206081094,H,A,2.19,-1.0,-1.0
3528,E1,2014-01-28,0.315970090765,0.299217895914,0.384812013322,0.384812013322,-0.0425384140288,H,D,2.34,-1.0,-1.0
3529,F1,2011-05-11,0.353828486336,0.313356144753,0.332815368911,0.353828486336,-0.0179187255601,A,H,2.69,-1.0,-1.0
3530,E0,2013-02-24,0.282346960435,0.278052714107,0.439600325457,0.439600325457,-0.0343333238318,H,H,2.11,1.11,1.18
3531,E1,2016-01-02,0.280646730786,0.28512336975,0.434229899464,0.434229899464,-0.0102145449806,H,H,2.25,1.25,1.29
3532,E0,2015-11-01,0.132608804672,0.210254744123,0.657136451205,0.657136451205,-0.0140044883924,H,H,1.49,0.49,0.49
3533,SP1,2010-01-23,0.29288351159,0.305236292516,0.401880195894,0.401880195894,-0.061082767069,H,H,2.16,1.16,
3534,I1,2016-02-14,0.276571536508,0.278021306494,0.445407156998,0.445407156998,0.000962712553432,H,H,2.25,1.25,1.29
3535,F1,2014-03-30,0.123668150758,0.271948720461,0.604383128782,0.604383128782,-0.0245476888281,H,H,1.59,0.59,0.65
3536,E2,2017-03-11,0.309566915919,0.281504020481,0.4089290636,0.4089290636,-0.0130118646699,H,H,2.37,1.37,1.43
3537,F1,2016-02-14,0.396104535387,0.285168728164,0.318726736449,0.396104535387,-0.0367958975139,A,D,2.31,-1.0,-1.0
3538,E0,2011-01-04,0.286707500415,0.299215562238,0.414076937347,0.414076937347,-0.0488860256162,H,H,2.16,1.16,
3539,E0,2010-11-10,0.503199537695,0.244768822133,0.252031640172,0.503199537695,-0.064982280487,A,D,1.76,-1.0,-1.0
3540,E0,2016-02-06,0.270147579774,0.292073358694,0.437779061532,0.437779061532,-0.0295106580945,H,H,2.14,1.14,1.22
3541,E0,2012-12-08,0.517084873904,0.266281748664,0.216633377432,0.517084873904,-0.0447128789054,A,A,1.78,0.78,0.79
3542,E2,2010-03-06,0.383328097818,0.279946455069,0.336725447113,0.383328097818,-0.0552683934098,A,H,2.28,-1.0,-1.0
3543,E2,2013-02-02,0.227250131256,0.254580517472,0.518169351272,0.518169351272,-0.0194650573303,H,A,1.86,-1.0,-1.0
3544,I1,2016-11-26,0.462778384789,0.286325027696,0.250896587514,0.462778384789,-0.0250264932594,A,A,2.05,1.05,1.08
3545,F1,2010-04-27,0.378754282919,0.317773838387,0.303471878693,0.378754282919,-0.0449745306399,A,H,2.36,-1.0,-1.0
3546,D1,2012-04-21,0.294856843343,0.267369597918,0.437773558739,0.437773558739,-0.0188474458274,H,D,2.19,-1.0,-1.0
3547,E2,2010-01-23,0.140901473421,0.241811291896,0.617287234683,0.617287234683,-0.0406075021593,H,H,1.52,0.52,
3548,SC0,2015-11-07,0.322477590164,0.288516199427,0.389006210408,0.389006210408,-0.0420282723503,H,D,2.32,-1.0,-1.0
3549,D1,2012-03-31,0.184629947246,0.235806719905,0.579563332848,0.579563332848,-0.0156747623896,H,A,1.68,-1.0,-1.0
3550,SP1,2014-01-17,0.358383894566,0.281768110654,0.35984799478,0.35984799478,-0.00915569525712,H,D,2.71,-1.0,-1.0
3551,SP1,2013-01-13,0.240570404537,0.276222033654,0.483207561809,0.483207561809,-0.0349271532167,H,H,1.93,0.93,0.95
3552,E2,2014-11-22,0.327194489041,0.285830047868,0.386975463091,0.386975463091,-0.0211878022151,H,A,2.45,-1.0,-1.0
3553,SC0,2015-04-25,0.357126561216,0.311615709564,0.33125772922,0.357126561216,-0.0188132884079,A,A,2.66,1.66,1.68
3554,F1,2014-12-13,0.361072936812,0.311885161764,0.327041901425,0.361072936812,-0.0310839259334,A,H,2.55,-1.0,-1.0
3555,E0,2011-05-14,0.535750723564,0.27824011345,0.186009162986,0.535750723564,-0.0456446252729,A,D,1.72,-1.0,-1.0
3556,F1,2009-11-21,0.0848063570725,0.24019344641,0.675000196518,0.675000196518,-0.0392855177679,H,A,1.4,-1.0,-1.0
3557,E2,2011-04-16,0.119048683217,0.189082542289,0.691868774493,0.691868774493,-0.0173510836629,H,H,1.41,0.41,
3558,F1,2014-11-01,0.229697462488,0.302301862325,0.468000675187,0.468000675187,-0.0370498298637,H,H,1.98,0.98,1.07
3559,E2,2015-11-24,0.354536709856,0.284596324922,0.360866965222,0.360866965222,-0.0267299340031,H,H,2.58,1.58,1.72
3560,E2,2013-11-02,0.163015572376,0.260762149521,0.576222278103,0.576222278103,-0.048777721897,H,D,1.6,-1.0,-1.0
3561,SP1,2014-05-17,0.209991750296,0.233053475774,0.55695477393,0.55695477393,0.0134765130605,H,D,1.84,-1.0,-1.0
3562,F1,2010-12-11,0.612229242939,0.242453989291,0.145316767771,0.612229242939,-0.0500224126903,A,A,1.51,0.51,
3563,E1,2010-11-06,0.340340246171,0.292233805128,0.367425948701,0.367425948701,-0.0509840931397,H,D,2.39,-1.0,-1.0
3564,E2,2016-12-30,0.126947140967,0.217695792642,0.655357066391,0.655357066391,-0.0203186092846,H,H,1.48,0.48,0.48
3565,D1,2017-05-20,0.368356735669,0.26516741223,0.366475852101,0.368356735669,-0.0207483226966,A,D,2.57,-1.0,-1.0
3566,E2,2015-01-24,0.330388379063,0.287378477379,0.382233143557,0.382233143557,-0.0361768982838,H,D,2.39,-1.0,-1.0
3567,F1,2015-12-20,0.400555096402,0.279211171165,0.320233732433,0.400555096402,-0.038041394826,A,H,2.28,-1.0,-1.0
3568,D1,2015-02-04,0.330536038414,0.262998547045,0.406465414541,0.406465414541,0.00485898883855,H,A,2.49,-1.0,-1.0
3569,SP1,2010-02-07,0.303461799202,0.287054582824,0.409483617974,0.409483617974,-0.0178668093761,H,D,2.34,-1.0,-1.0
3570,E2,2017-04-30,0.170622118363,0.240517427524,0.588860454113,0.588860454113,-0.0480822210459,H,H,1.57,0.57,0.62
3571,F1,2010-05-15,0.282995790498,0.28992261037,0.427081599132,0.427081599132,-0.0424019689432,H,D,2.13,-1.0,-1.0
3572,E2,2011-04-02,0.15007785192,0.251758815616,0.598163332464,0.598163332464,-0.0469979578582,H,H,1.55,0.55,
3573,SC0,2014-05-07,0.644147434199,0.196505872945,0.159346692856,0.644147434199,-0.0502970102452,A,D,1.44,-1.0,-1.0
3574,E2,2012-02-25,0.225354979178,0.279751983772,0.49489303705,0.49489303705,-0.0427413715518,H,H,1.86,0.86,
3575,I1,2013-11-10,0.288360539338,0.266651433272,0.444988027389,0.444988027389,-0.00344246588418,H,H,2.23,1.23,1.29
3576,E1,2012-02-14,0.242579153671,0.291209818506,0.466211027823,0.466211027823,-0.0492528897024,H,H,1.94,0.94,
3577,I1,2012-04-29,0.771988109969,0.155491535691,0.0725203543393,0.771988109969,-0.0154134648339,A,A,1.27,0.27,
3578,D1,2016-12-17,0.250306227657,0.255208096285,0.494485676058,0.494485676058,-0.0236490389678,H,H,1.93,0.93,0.96
3579,F1,2014-12-20,0.0437371910322,0.148962156039,0.807300652929,0.807300652929,0.000849040025936,H,D,1.24,-1.0,-1.0
3580,E0,2010-12-28,0.15221274921,0.240097401016,0.607689849774,0.607689849774,-0.0173101502261,H,A,1.6,-1.0,-1.0
3581,I1,2012-11-04,0.274337273398,0.299042356885,0.426620369717,0.426620369717,-0.0178240747273,H,A,2.25,-1.0,-1.0
3582,E0,2012-12-26,0.24461938967,0.266502361507,0.488878248823,0.488878248823,-0.0374375406503,H,D,1.9,-1.0,-1.0
3583,I1,2010-04-18,0.310519370507,0.291071169185,0.398409460308,0.398409460308,-0.0382717623989,H,H,2.29,1.29,
3584,SC0,2016-01-16,0.265765431652,0.270285480606,0.463949087742,0.463949087742,-0.0238557903071,H,A,2.05,-1.0,-1.0
3585,D1,2014-02-01,0.369595263202,0.287234609213,0.343170127585,0.369595263202,-0.0210297367981,A,H,2.56,-1.0,-1.0
3586,E2,2017-02-11,0.32499183904,0.278513734411,0.396494426549,0.396494426549,-0.0116688387573,H,D,2.45,-1.0,-1.0
3587,E2,2014-11-01,0.279317771198,0.280961593263,0.43972063554,0.43972063554,-0.0553288694109,H,H,2.02,1.02,1.09
3588,E1,2015-12-05,0.457274080712,0.297748279357,0.244977639931,0.457274080712,-0.0329219977193,A,H,2.04,-1.0,-1.0
3589,F1,2015-04-18,0.234374013355,0.306094497085,0.45953148956,0.45953148956,-0.0613018437737,H,D,1.92,-1.0,-1.0
3590,E2,2015-04-14,0.395892988996,0.298316079766,0.305790931238,0.395892988996,-0.0351414937631,A,A,2.32,1.32,1.45
3591,I1,2012-01-15,0.249687980185,0.283071689606,0.467240330209,0.467240330209,-4.93894174666e-05,H,H,2.14,1.14,
3592,SP1,2011-04-03,0.297855978913,0.261238832505,0.440905188582,0.440905188582,0.0117206392262,H,H,2.33,1.33,
3593,D1,2012-11-09,0.217979275978,0.25520248893,0.526818235092,0.526818235092,-0.0287373204636,H,H,1.8,0.8,0.85
3594,E2,2011-01-25,0.38259271742,0.289628647608,0.327778634972,0.38259271742,-0.0340739492469,A,D,2.4,-1.0,-1.0
3595,E2,2012-11-24,0.324803901686,0.289263623757,0.385932474558,0.385932474558,-0.0272906659383,H,H,2.42,1.42,1.46
3596,E1,2011-02-26,0.216670815458,0.263325656009,0.520003528533,0.520003528533,-0.0119113650841,H,A,1.88,-1.0,-1.0
3597,E2,2012-03-06,0.185253972048,0.259774890412,0.55497113754,0.55497113754,-0.0438312576696,H,A,1.67,-1.0,-1.0
3598,E2,2011-03-19,0.122106970149,0.217573012486,0.660320017365,0.660320017365,-0.0153556583107,H,H,1.48,0.48,
3599,E0,2017-02-04,0.187361682331,0.230439234203,0.582199083466,0.582199083466,-0.00259623817185,H,H,1.71,0.71,0.74
3600,I1,2010-11-28,0.334757052869,0.328942887441,0.33630005969,0.33630005969,-0.0636999403097,H,H,2.5,1.5,
3601,SP1,2015-12-30,0.353428850852,0.298208868456,0.348362280692,0.353428850852,0.00255165786951,A,A,2.85,1.85,1.93
3602,E0,2011-02-12,0.0421753861665,0.146846724029,0.810977889805,0.810977889805,-0.00203024027647,H,H,1.23,0.23,
3603,SP1,2014-02-10,0.416085220383,0.287686571267,0.29622820835,0.416085220383,-0.0283592240615,A,D,2.25,-1.0,-1.0
3604,I1,2016-04-20,0.431673460244,0.285621621396,0.28270491836,0.431673460244,-0.0270421360866,A,H,2.18,-1.0,-1.0
3605,SP1,2012-04-21,0.182813693435,0.20896864406,0.608217662505,0.608217662505,0.00215705644415,H,A,1.65,-1.0,-1.0
3606,E1,2011-12-31,0.358014535474,0.29777053913,0.344214925396,0.358014535474,-0.0266008491418,A,A,2.6,1.6,
3607,E1,2012-03-10,0.44809037083,0.292263955174,0.259645673996,0.44809037083,-0.0445204666084,A,D,2.03,-1.0,-1.0
3608,E2,2015-02-07,0.145939348292,0.243004974257,0.611055677451,0.611055677451,-0.0299699635744,H,H,1.56,0.56,0.56
3609,E2,2010-01-30,0.0707514903114,0.184736468694,0.744512040995,0.744512040995,-0.0367379590054,H,H,1.28,0.28,
3610,E1,2015-11-07,0.331156451559,0.288866917797,0.379976630644,0.379976630644,-0.0265274343967,H,D,2.46,-1.0,-1.0
3611,E0,2015-11-21,0.150558004877,0.22573021513,0.623711779993,0.623711779993,-0.013230895166,H,H,1.57,0.57,0.57
3612,F1,2014-03-14,0.388598606513,0.299892318974,0.311509074513,0.388598606513,-0.0369333083803,A,D,2.35,-1.0,-1.0
3613,E1,2009-11-07,0.330257120384,0.304646794094,0.365096085522,0.365096085522,-0.067804347378,H,D,2.31,-1.0,-1.0
3614,E2,2011-01-29,0.295771585359,0.28288929621,0.421339118431,0.421339118431,-0.037376477899,H,D,2.18,-1.0,-1.0
3615,SP1,2013-12-22,0.219676362079,0.268580731962,0.511742905959,0.511742905959,-0.0347051814724,H,D,1.83,-1.0,-1.0
3616,SC0,2016-04-05,0.700433323716,0.153375330437,0.146191345847,0.700433323716,-0.029493683583,A,D,1.37,-1.0,-1.0
3617,SC0,2011-02-26,0.300118060107,0.286798121029,0.413083818864,0.413083818864,-0.0353466744099,H,H,2.23,1.23,
3618,E0,2016-11-27,0.124225858254,0.193719209172,0.682054932574,0.682054932574,0.00637925689838,H,D,1.48,-1.0,-1.0
3619,E2,2015-12-19,0.475153514189,0.263476023618,0.261370462194,0.475153514189,-0.0456798191446,A,D,1.92,-1.0,-1.0
3620,F1,2015-03-21,0.225485330356,0.274888221158,0.499626448486,0.499626448486,-0.0266893409879,H,D,1.9,-1.0,-1.0
3621,I1,2012-11-10,0.262844720842,0.268759073387,0.468396205771,0.468396205771,0.0117752012046,H,D,2.19,-1.0,-1.0
3622,SC0,2015-01-01,0.171379418386,0.270184239452,0.558436342163,0.558436342163,-0.040366053047,H,H,1.67,0.67,0.68
3623,E0,2015-03-04,0.0567469645719,0.127042129325,0.816210906103,0.816210906103,0.0162109061028,H,H,1.25,0.25,0.26
3624,E2,2010-11-20,0.417218984153,0.281970254075,0.300810761772,0.417218984153,-0.0332314662977,A,H,2.22,-1.0,-1.0
3625,E2,2009-11-21,0.390107625795,0.250977459063,0.358914915142,0.390107625795,-0.0665133787715,A,D,2.19,-1.0,-1.0
3626,E1,2014-12-26,0.260219867541,0.259418053524,0.480362078935,0.480362078935,-0.0196379210651,H,A,2.0,-1.0,-1.0
3627,E0,2013-01-30,0.519593996737,0.256781571536,0.223624431727,0.519593996737,-0.0298565527139,A,D,1.82,-1.0,-1.0
3628,E2,2014-03-12,0.152483458437,0.252846573345,0.594669968219,0.594669968219,-0.0188269642966,H,H,1.63,0.63,0.62
3629,E0,2009-12-15,0.278994361316,0.280193269615,0.44081236907,0.44081236907,-0.0116763187132,H,H,2.21,1.21,
3630,E2,2011-05-07,0.256975493689,0.285461527217,0.457562979093,0.457562979093,-0.0579009384326,H,A,1.94,-1.0,-1.0
3631,I1,2017-02-19,0.279051217219,0.292865789466,0.428082993315,0.428082993315,-0.0327464997727,H,A,2.17,-1.0,-1.0
3632,E2,2016-01-26,0.284582275161,0.279527242636,0.435890482203,0.435890482203,-0.044878748566,H,A,2.08,-1.0,-1.0
3633,E0,2017-04-01,0.253644711286,0.274998938986,0.471356349727,0.471356349727,-0.0188397287039,H,H,2.04,1.04,1.07
3634,E0,2015-03-03,0.339867846577,0.312834447923,0.3472977055,0.3472977055,-0.0124145247156,H,H,2.78,1.78,1.82
3635,SP1,2015-12-07,0.237863359655,0.286816123443,0.475320516902,0.475320516902,-0.0246794830979,H,D,2.0,-1.0,-1.0
3636,E0,2017-04-30,0.792228061728,0.128431471684,0.0793404665879,0.792228061728,0.0170342632787,A,D,1.29,-1.0,-1.0
3637,E2,2009-12-26,0.183825236775,0.240527342396,0.57564742083,0.57564742083,-0.012587873288,H,H,1.7,0.7,
3638,F1,2010-05-02,0.417602789749,0.307154920587,0.275242289664,0.417602789749,-0.0328476607019,A,A,2.22,1.22,
3639,SC0,2017-05-13,0.369893451157,0.288039889632,0.342066659211,0.369893451157,-0.0132483112951,A,D,2.61,-1.0,-1.0
3640,E0,2010-01-16,0.022283433696,0.108554787276,0.869161779028,0.869161779028,0.00709281351043,H,H,1.16,0.16,
3641,E1,2015-03-03,0.0924447450454,0.210365317464,0.69718993749,0.69718993749,-0.0120299206659,H,H,1.41,0.41,0.44
3642,F1,2017-03-19,0.577002333196,0.227313075207,0.195684591597,0.577002333196,-0.0290582728646,A,A,1.65,0.65,0.69
3643,SP1,2014-02-01,0.378394329607,0.287780164351,0.333825506042,0.378394329607,-0.0314417359665,A,H,2.44,-1.0,-1.0
3644,E0,2015-02-07,0.211123226017,0.281405818346,0.507470955636,0.507470955636,-0.0244439379806,H,D,1.88,-1.0,-1.0
3645,E0,2013-03-16,0.0321108867552,0.0574858804416,0.910403232803,0.910403232803,0.040838015412,H,H,1.15,0.15,0.16
3646,E1,2016-04-02,0.419066882816,0.289564182943,0.291368934241,0.419066882816,-0.0375541217504,A,H,2.19,-1.0,-1.0
3647,E0,2010-03-27,0.0887681234747,0.209479639999,0.701752236526,0.701752236526,-0.0176722239053,H,H,1.39,0.39,
3648,E1,2016-03-13,0.329392891102,0.291729710966,0.378877397932,0.378877397932,-0.0211226020675,H,D,2.5,-1.0,-1.0
3649,E1,2015-12-28,0.270005891142,0.263529147589,0.466464961269,0.466464961269,-0.00972551492123,H,H,2.1,1.1,1.23
3650,E1,2010-04-05,0.277640766595,0.287860599622,0.434498633782,0.434498633782,-0.0485931536572,H,H,2.07,1.07,
3651,E2,2014-11-01,0.184186661524,0.255170143157,0.56064319532,0.56064319532,-0.0275920987981,H,H,1.7,0.7,0.7
3652,SP1,2011-11-20,0.280461968613,0.277506618358,0.442031413029,0.442031413029,-0.0166841833013,H,H,2.18,1.18,
3653,D1,2016-11-20,0.172903186424,0.200307803006,0.626789010569,0.626789010569,-0.00214180704089,H,D,1.59,-1.0,-1.0
3654,E2,2017-04-30,0.438997155069,0.24609057179,0.314912273141,0.438997155069,-0.04880772298,A,A,2.05,1.05,1.08
3655,F1,2016-01-23,0.191879586534,0.308327708013,0.499792705453,0.499792705453,-0.0466553819785,H,H,1.83,0.83,0.87
3656,F1,2009-12-06,0.358158950623,0.31447683209,0.327364217287,0.358158950623,-0.0434474750802,A,H,2.49,-1.0,-1.0
3657,F1,2015-11-07,0.268141099462,0.302270530434,0.429588370105,0.429588370105,-0.0333745928584,H,H,2.16,1.16,1.2
3658,SC0,2010-03-30,0.663869436549,0.216393703458,0.119736859993,0.663869436549,-0.0504162777369,A,H,1.4,-1.0,-1.0
3659,E1,2015-12-18,0.329315965491,0.283019993039,0.387664041471,0.387664041471,-0.0107423330315,H,H,2.51,1.51,1.6
3660,I1,2012-03-04,0.110913975596,0.242349904444,0.64673611996,0.64673611996,-0.0244048196375,H,H,1.49,0.49,
3661,SP1,2012-04-10,0.315988648617,0.274784067156,0.409227284228,0.409227284228,0.00272321918697,H,H,2.46,1.46,
3662,E2,2015-05-03,0.363399878932,0.275239927942,0.361360193125,0.363399878932,-0.0241970202925,A,D,2.58,-1.0,-1.0
3663,F1,2015-12-19,0.303315700273,0.325419792425,0.371264507303,0.371264507303,-0.0352395577381,H,A,2.46,-1.0,-1.0
3664,I1,2017-02-05,0.101380548484,0.211898971998,0.686720479518,0.686720479518,-0.0077239649265,H,H,1.44,0.44,0.47
3665,E0,2016-02-27,0.325783015073,0.292654815325,0.381562169602,0.381562169602,0.0111917992315,H,H,2.7,1.7,1.84
3666,D1,2011-04-21,0.359308773262,0.276133309673,0.364557917065,0.364557917065,-0.0245471413007,H,A,2.57,-1.0,-1.0
3667,E0,2014-04-06,0.716392336969,0.161500390742,0.122107272289,0.716392336969,-0.00824534419083,A,A,1.38,0.38,0.38
3668,E1,2013-02-16,0.265787519817,0.256857050645,0.477355429537,0.477355429537,-0.0104494485114,H,H,2.05,1.05,1.08
3669,F1,2014-04-27,0.105024978288,0.216914485414,0.678060536298,0.678060536298,-0.0212401630026,H,H,1.43,0.43,0.42
3670,F1,2014-11-29,0.332117367629,0.316526160138,0.351356472233,0.351356472233,-0.0377485861329,H,H,2.57,1.57,1.68
3671,E0,2016-04-24,0.527888423904,0.244901146898,0.227210429198,0.527888423904,-0.0402933942773,A,D,1.76,-1.0,-1.0
3672,E1,2011-02-05,0.29170182323,0.289169354934,0.419128821836,0.419128821836,-0.0503547462392,H,H,2.13,1.13,
3673,E2,2015-04-11,0.269089081095,0.289184133381,0.441726785524,0.441726785524,-0.0344636906664,H,H,2.1,1.1,1.13
3674,E0,2014-03-01,0.664481131938,0.199441858706,0.136077009356,0.664481131938,-0.0251740404758,A,A,1.45,0.45,0.5
3675,E2,2011-11-19,0.249231624351,0.273199406342,0.477568969308,0.477568969308,-0.0352515435129,H,H,1.95,0.95,
3676,D1,2012-11-02,0.168187213979,0.221306028857,0.610506757164,0.610506757164,-0.0106112552581,H,D,1.61,-1.0,-1.0
3677,SP1,2016-02-28,0.15534300894,0.254655080673,0.590001910386,0.590001910386,-0.0124077281681,H,H,1.66,0.66,0.71
3678,D1,2017-03-12,0.195393290733,0.267045102749,0.537561606518,0.537561606518,-0.0371510371605,H,H,1.74,0.74,0.76
3679,F1,2017-04-16,0.597934387718,0.216438302154,0.185627310128,0.597934387718,-0.0309964298922,A,A,1.59,0.59,0.58
3680,I1,2014-03-09,0.196665405456,0.283106679005,0.520227915539,0.520227915539,-0.0611674332984,H,H,1.72,0.72,0.72
3681,SP1,2014-12-07,0.429275969315,0.27637114377,0.294352886915,0.429275969315,-0.0252694852306,A,A,2.2,1.2,1.24
3682,E0,2013-02-02,0.247165430189,0.273926543055,0.478908026757,0.478908026757,-0.0287061864414,H,D,1.97,-1.0,-1.0
3683,E0,2014-05-11,0.345384001916,0.2841582526,0.370457745484,0.370457745484,-0.0247991715118,H,D,2.53,-1.0,-1.0
3684,SC0,2013-03-09,0.249271106009,0.275423358165,0.475305535826,0.475305535826,-0.0348985458066,H,H,1.96,0.96,0.95
3685,E0,2010-11-06,0.219366219621,0.273385599848,0.507248180531,0.507248180531,-0.0514110373461,H,H,1.79,0.79,
3686,D1,2015-04-18,0.048481138939,0.132891002635,0.818627858426,0.818627858426,0.0121762455229,H,H,1.24,0.24,0.27
3687,F1,2014-02-01,0.100146241186,0.241627833305,0.658225925509,0.658225925509,-0.0220461833349,H,H,1.47,0.47,0.49
3688,E1,2012-12-15,0.329009707073,0.286872364451,0.384117928476,0.384117928476,-0.02404533683,H,A,2.45,-1.0,-1.0
3689,E0,2014-11-22,0.100555780821,0.169501639277,0.729942579902,0.729942579902,1.55726026357e-05,H,H,1.37,0.37,0.39
3690,D1,2015-05-09,0.128864641837,0.212623150894,0.658512207269,0.658512207269,-0.00815445939733,H,A,1.5,-1.0,-1.0
3691,I1,2014-01-26,0.190219666107,0.267652549667,0.542127784226,0.542127784226,-0.0165314336515,H,D,1.79,-1.0,-1.0
3692,E0,2012-12-17,0.559564070986,0.237051050559,0.203384878454,0.559564070986,-0.0464965350742,A,A,1.65,0.65,0.68
3693,E0,2009-12-20,0.274066703374,0.29793860517,0.427994691455,0.427994691455,-0.0598101865933,H,H,2.05,1.05,
3694,E1,2017-04-29,0.316099705481,0.265726207318,0.418174087201,0.418174087201,0.00150742053384,H,D,2.4,-1.0,-1.0
3695,SC0,2014-02-01,0.428905856857,0.26830804061,0.302786102532,0.428905856857,-0.0450277924316,A,D,2.11,-1.0,-1.0
3696,F1,2010-11-13,0.0881500784498,0.228292583629,0.683557337921,0.683557337921,-0.0256625202347,H,D,1.41,-1.0,-1.0
3697,E0,2010-05-02,0.292651485526,0.263202300577,0.444146213897,0.444146213897,0.00554972266875,H,H,2.28,1.28,
3698,F1,2017-05-14,0.739008458749,0.153675007415,0.107316533835,0.739008458749,-0.00173228199126,A,A,1.35,0.35,0.38
3699,I1,2017-04-09,0.411892712229,0.248008142353,0.340099145417,0.411892712229,-0.0286359221317,A,A,2.27,1.27,1.3
3700,I1,2017-01-29,0.0161591153864,0.0426474114634,0.94119347315,0.94119347315,0.0483363302931,H,D,1.12,-1.0,-1.0
3701,E1,2010-11-20,0.347068449254,0.286712634913,0.366218915833,0.366218915833,-0.0353875098695,H,D,2.49,-1.0,-1.0
3702,E0,2012-11-11,0.251478414538,0.294972905496,0.453548679966,0.453548679966,-0.0489638828481,H,A,1.99,-1.0,-1.0
3703,E2,2011-11-05,0.172687362504,0.266940577971,0.560372059525,0.560372059525,-0.0685587580853,H,H,1.59,0.59,
3704,I1,2013-12-08,0.283702824306,0.318764002178,0.397533173516,0.397533173516,-0.0654297894466,H,A,2.16,-1.0,-1.0
3705,E2,2013-11-26,0.279610503389,0.271721531132,0.448667965479,0.448667965479,-0.0344238219607,H,H,2.07,1.07,1.1
3706,E0,2010-02-06,0.254102430623,0.297724863798,0.448172705579,0.448172705579,-0.046876799371,H,D,2.02,-1.0,-1.0
3707,E0,2010-02-27,0.225779054549,0.275931962037,0.498288983414,0.498288983414,-0.0119150982191,H,H,1.96,0.96,
3708,D1,2017-03-04,0.286635088628,0.265948264778,0.447416646594,0.447416646594,0.00688801223255,H,D,2.27,-1.0,-1.0
3709,F1,2012-02-05,0.226834242579,0.280781406498,0.492384350924,0.492384350924,-0.015229862274,H,D,1.97,-1.0,-1.0
3710,SP1,2017-04-22,0.343066669574,0.267143495832,0.389789834594,0.389789834594,-0.0102101654062,H,D,2.5,-1.0,-1.0
3711,E1,2013-04-09,0.335204596241,0.291924569801,0.372870833958,0.372870833958,-0.0386517997869,H,A,2.43,-1.0,-1.0
3712,E2,2016-04-19,0.414199048824,0.312886255087,0.272914696089,0.414199048824,-0.0342314444492,A,D,2.23,-1.0,-1.0
3713,E2,2011-02-15,0.296544612194,0.284559667138,0.418895720668,0.418895720668,-0.055037928621,H,H,2.11,1.11,
3714,D1,2014-11-22,0.120248655934,0.168795778093,0.710955565973,0.710955565973,0.00173570781719,H,A,1.41,-1.0,-1.0
3715,SC0,2011-12-24,0.649451040873,0.222270929162,0.128278029965,0.649451040873,-0.0498496584275,A,H,1.43,-1.0,-1.0
3716,SC0,2017-05-21,0.418650104392,0.270009661688,0.31134023392,0.418650104392,-0.0358953501531,A,A,2.2,1.2,1.24
3717,E0,2015-04-18,0.404106674493,0.284102052998,0.31179127251,0.404106674493,-0.0364219598686,A,H,2.27,-1.0,-1.0
3718,E2,2017-03-18,0.267579154458,0.291653335288,0.440767510254,0.440767510254,-0.0494285681771,H,H,2.04,1.04,1.13
3719,F1,2009-11-28,0.214488774416,0.304546580813,0.480964644771,0.480964644771,-0.0684859046798,H,H,1.82,0.82,
3720,E2,2011-01-15,0.196748657092,0.24428631711,0.558965025798,0.558965025798,-0.00921679238384,H,H,1.76,0.76,
3721,E1,2013-12-07,0.206741347706,0.246781138313,0.546477513982,0.546477513982,-0.0217043042001,H,A,1.76,-1.0,-1.0
3722,I1,2010-02-21,0.40722485795,0.310680458443,0.282094683606,0.40722485795,-0.0412056353232,A,D,2.23,-1.0,-1.0
3723,E1,2009-12-07,0.332517709429,0.25249592461,0.414986365961,0.414986365961,0.0101280663657,H,H,2.47,1.47,
3724,E0,2012-03-24,0.205093609916,0.244246881896,0.550659508188,0.550659508188,0.0187446145715,H,D,1.88,-1.0,-1.0
3725,E1,2013-11-23,0.277783488314,0.272263486054,0.449953025632,0.449953025632,-0.0239806236575,H,A,2.11,-1.0,-1.0
3726,I1,2015-11-08,0.525454773485,0.276492174784,0.198053051731,0.525454773485,-0.0395169779278,A,A,1.77,0.77,0.81
3727,I1,2015-03-08,0.394965276473,0.279406653494,0.325628070033,0.394965276473,-0.0417159462342,A,D,2.29,-1.0,-1.0
3728,E2,2013-03-16,0.215228695399,0.274744620619,0.510026683983,0.510026683983,-0.0581551341991,H,H,1.76,0.76,0.83
3729,E0,2011-01-01,0.15714237715,0.246866018198,0.595991604652,0.595991604652,-0.00281079055778,H,H,1.67,0.67,
3730,SP1,2012-03-25,0.276231278883,0.282371773886,0.441396947232,0.441396947232,-0.03707195229,H,A,2.09,-1.0,-1.0
3731,I1,2016-01-10,0.151416632574,0.253294795047,0.595288572379,0.595288572379,-0.0376228200265,H,A,1.58,-1.0,-1.0
3732,SP1,2014-05-05,0.12301919875,0.187478526431,0.689502274819,0.689502274819,-0.00494216962582,H,D,1.44,-1.0,-1.0
3733,E0,2013-11-02,0.312670579564,0.307588282121,0.379741138315,0.379741138315,-0.0627367377914,H,H,2.26,1.26,1.34
3734,E1,2016-01-16,0.468226081735,0.275112269792,0.256661648473,0.468226081735,-0.052607251598,A,H,1.92,-1.0,-1.0
3735,E1,2017-04-01,0.297039055823,0.279030271372,0.423930672806,0.423930672806,-0.0146658184225,H,H,2.28,1.28,1.3
3736,E2,2016-01-26,0.301574020924,0.264866332098,0.433559646978,0.433559646978,-0.0128689244508,H,A,2.24,-1.0,-1.0
3737,SC0,2015-05-02,0.366718267798,0.281433719004,0.351848013199,0.366718267798,-0.0285386491985,A,D,2.53,-1.0,-1.0
3738,E2,2015-04-03,0.300207148541,0.277267268119,0.422525583339,0.422525583339,-0.0383039097482,H,A,2.17,-1.0,-1.0
3739,E0,2016-03-05,0.193742722727,0.227221228962,0.579036048312,0.579036048312,-0.00919924580598,H,A,1.7,-1.0,-1.0
3740,E1,2017-04-14,0.305238028293,0.289619139603,0.405142832104,0.405142832104,-0.0412857393247,H,A,2.24,-1.0,-1.0
3741,D1,2010-04-17,0.0451181415453,0.140910249155,0.813971609299,0.813971609299,-0.019361724034,H,H,1.2,0.2,
3742,E0,2016-02-07,0.443014353016,0.253813126354,0.30317252063,0.443014353016,-0.0447905250325,A,A,2.05,1.05,1.08
3743,D1,2013-03-30,0.080510654861,0.150790386532,0.768698958607,0.768698958607,-0.000531810623961,H,H,1.3,0.3,0.31
3744,D1,2010-02-26,0.243318380464,0.287810840262,0.468870779274,0.468870779274,-0.0311292207259,H,H,2.0,1.0,
3745,E1,2017-05-07,0.376579647155,0.253994954448,0.369425398397,0.376579647155,-0.0489522677389,A,D,2.35,-1.0,-1.0
3746,D1,2011-02-16,0.166154487415,0.233637347903,0.600208164682,0.600208164682,-0.0247918353175,H,A,1.6,-1.0,-1.0
3747,I1,2017-04-09,0.759681297167,0.141646849895,0.0986718529382,0.759681297167,0.00780159791846,A,H,1.33,-1.0,-1.0
3748,I1,2012-03-31,0.335211857084,0.319275077113,0.345513065804,0.345513065804,-0.0466437969416,H,H,2.55,1.55,
3749,E0,2015-03-22,0.422076709246,0.277437750926,0.300485539827,0.422076709246,-0.032468745299,A,A,2.2,1.2,1.25
3750,SP1,2017-04-04,0.339075156531,0.300385762345,0.360539081124,0.360539081124,-0.00576128517645,H,A,2.73,-1.0,-1.0
3751,E2,2014-01-01,0.315522301905,0.288627679992,0.395850018103,0.395850018103,-0.0389325905926,H,A,2.3,-1.0,-1.0
3752,I1,2017-04-15,0.0532850144661,0.131641629939,0.815073355594,0.815073355594,0.00862174269121,H,H,1.24,0.24,0.25
3753,I1,2017-01-22,0.136276942362,0.229359431137,0.6343636265,0.6343636265,-0.0107976638224,H,D,1.55,-1.0,-1.0
3754,E0,2017-05-10,0.449317069832,0.229516289468,0.321166640701,0.449317069832,-0.0408790085997,A,A,2.04,1.04,1.07
3755,D1,2011-01-16,0.262332990772,0.26483105685,0.472835952378,0.472835952378,-0.0246764854331,H,A,2.01,-1.0,-1.0
3756,E2,2010-03-06,0.102251753716,0.23339416461,0.664354081674,0.664354081674,-0.0398712704387,H,D,1.42,-1.0,-1.0
3757,E0,2014-04-12,0.254543768777,0.295250039678,0.450206191545,0.450206191545,-0.0259842846453,H,H,2.1,1.1,1.14
3758,I1,2013-12-15,0.0995663584412,0.200465901022,0.699967740537,0.699967740537,-0.00425761157605,H,H,1.42,0.42,0.45
3759,SC0,2009-12-19,0.344250112937,0.287798681274,0.36795120579,0.36795120579,-0.030455168712,H,A,2.51,-1.0,-1.0
3760,SP1,2017-05-20,0.0314322281611,0.0472424541721,0.921325317667,0.921325317667,0.0441323352106,H,H,1.14,0.14,0.16
3761,E1,2015-01-20,0.130659090244,0.229558227963,0.639782681794,0.639782681794,-0.0181120550484,H,H,1.52,0.52,0.52
3762,E1,2017-02-25,0.354235683867,0.274039708125,0.371724608008,0.371724608008,-0.00140972035025,H,D,2.68,-1.0,-1.0
3763,E2,2015-02-14,0.471300432759,0.272089627675,0.256609939566,0.471300432759,-0.0415200800615,A,H,1.95,-1.0,-1.0
3764,E2,2013-02-09,0.278514950805,0.277409516656,0.444075532539,0.444075532539,-0.0437293455098,H,A,2.05,-1.0,-1.0
3765,E0,2015-05-02,0.28895229124,0.279592588967,0.431455119793,0.431455119793,-0.0189953306577,H,H,2.22,1.22,1.29
3766,E1,2012-11-02,0.253887037246,0.27215575034,0.473957212414,0.473957212414,-0.0235552253969,H,D,2.01,-1.0,-1.0
3767,F1,2010-03-20,0.224845615691,0.296999759246,0.478154625063,0.478154625063,-0.0426787082708,H,H,1.92,0.92,
3768,D1,2013-04-20,0.127818408922,0.200488022707,0.671693568371,0.671693568371,-0.0085785404723,H,H,1.47,0.47,0.49
3769,E1,2014-03-09,0.342793978084,0.282968887022,0.374237134893,0.374237134893,0.00523344485645,H,A,2.71,-1.0,-1.0
3770,SP1,2014-01-05,0.00715357511834,0.0207261190746,0.972120305807,0.972120305807,0.0461943798812,H,H,1.08,0.08,0.09
3771,F1,2013-03-03,0.114291324925,0.215381902583,0.670326772492,0.670326772492,-0.0193283999214,H,H,1.45,0.45,0.47
3772,D1,2012-04-07,0.385289229862,0.275524232733,0.339186537405,0.385289229862,-0.033120811979,A,D,2.39,-1.0,-1.0
3773,E0,2012-05-06,0.258300425986,0.263331539553,0.478368034461,0.478368034461,-0.0216319655386,H,D,2.0,-1.0,-1.0
3774,E2,2014-03-22,0.148057367516,0.225538225669,0.626404406815,0.626404406815,-0.00650698559029,H,H,1.58,0.58,0.58
3775,D1,2010-02-05,0.121518020752,0.212954713195,0.665527266053,0.665527266053,-0.0241279063613,H,H,1.45,0.45,
3776,E0,2009-11-28,0.0567437262279,0.163242365283,0.780013908489,0.780013908489,-0.00738766631424,H,D,1.27,-1.0,-1.0
3777,E1,2012-04-17,0.390485008458,0.257842340702,0.35167265084,0.390485008458,-0.0405494743006,A,D,2.32,-1.0,-1.0
3778,E0,2017-01-02,0.296926447337,0.308104840374,0.394968712289,0.394968712289,-0.0534617809847,H,H,2.23,1.23,1.28
3779,SC0,2014-12-20,0.303895510335,0.273376381075,0.422728108589,0.422728108589,-0.0158683826388,H,A,2.28,-1.0,-1.0
3780,E0,2010-03-27,0.320813051426,0.295139042668,0.384047905906,0.384047905906,-0.0326187607603,H,H,2.4,1.4,
3781,SP1,2010-01-17,0.329790403508,0.280631771111,0.389577825381,0.389577825381,-0.0104221746187,H,H,2.5,1.5,
3782,D1,2012-11-18,0.154094021337,0.222374982917,0.623530995747,0.623530995747,-0.0258196536041,H,H,1.54,0.54,0.56
3783,E2,2010-04-03,0.295019972471,0.288720389943,0.416259637586,0.416259637586,-0.055438475622,H,D,2.12,-1.0,-1.0
3784,E1,2012-03-20,0.244104973897,0.283512844589,0.472382181514,0.472382181514,-0.048451151819,H,A,1.92,-1.0,-1.0
3785,D1,2017-04-30,0.158849644727,0.197179128014,0.643971227259,0.643971227259,0.00294558623312,H,H,1.56,0.56,0.56
3786,SP1,2015-04-19,0.488854759471,0.248099471309,0.26304576922,0.488854759471,-0.0516857810695,A,D,1.85,-1.0,-1.0
3787,E0,2014-03-15,0.622023313213,0.214240689664,0.163735997123,0.622023313213,-0.0231379771096,A,A,1.55,0.55,0.56
3788,E1,2014-12-20,0.189283202005,0.249136136235,0.561580661759,0.561580661759,-0.0266546323584,H,D,1.7,-1.0,-1.0
3789,E2,2015-03-29,0.529207100046,0.260587805542,0.210205094412,0.529207100046,-0.0455055436319,A,D,1.74,-1.0,-1.0
3790,SP1,2016-04-17,0.161409229904,0.182164595191,0.656426174906,0.656426174906,-0.00146856193642,H,D,1.52,-1.0,-1.0
3791,E1,2010-02-13,0.217406430496,0.280166981188,0.502426588316,0.502426588316,-0.0381139522245,H,H,1.85,0.85,
3792,E1,2011-04-02,0.279203492991,0.262006961482,0.458789545527,0.458789545527,0.00833909507619,H,H,2.22,1.22,
3793,E2,2009-12-26,0.272970985999,0.268667960238,0.458361053763,0.458361053763,-0.0224081770061,H,A,2.08,-1.0,-1.0
3794,E0,2010-03-06,0.190620029576,0.26049318027,0.548886790154,0.548886790154,-0.012910962655,H,A,1.78,-1.0,-1.0
3795,D1,2012-04-15,0.306117380422,0.267092227692,0.426790391886,0.426790391886,-0.0118060993418,H,D,2.28,-1.0,-1.0
3796,E0,2011-12-26,0.0541426452309,0.191641803249,0.75421555152,0.75421555152,-0.0150152177109,H,D,1.3,-1.0,-1.0
3797,F1,2013-02-02,0.345917672801,0.289573073927,0.364509253272,0.364509253272,-0.00862507508667,H,D,2.68,-1.0,-1.0
3798,E0,2014-02-22,0.196317839149,0.244169055495,0.559513105355,0.559513105355,-0.00545864605695,H,D,1.77,-1.0,-1.0
3799,SP1,2017-03-05,0.130108711442,0.189566922559,0.680324366,0.680324366,5.22571560573e-05,H,H,1.47,0.47,0.49
3800,I1,2013-05-05,0.14809919058,0.255822088841,0.596078720579,0.596078720579,-0.025039291843,H,H,1.61,0.61,0.63
3801,SC0,2010-11-06,0.361738160037,0.273536584207,0.364725255755,0.364725255755,-0.00157511054506,H,A,2.73,-1.0,-1.0
3802,F1,2017-01-14,0.193767198519,0.227566572785,0.578666228695,0.578666228695,0.0200070108183,H,D,1.79,-1.0,-1.0
3803,E2,2011-12-26,0.412606562276,0.288878713179,0.298514724546,0.412606562276,-0.0378438881748,A,A,2.22,1.22,
3804,E0,2011-11-06,0.328548944891,0.297464901326,0.373986153783,0.373986153783,-0.0497426597762,H,H,2.36,1.36,
3805,F1,2012-11-17,0.308224051318,0.310440891211,0.381335057472,0.381335057472,-0.0370749843694,H,D,2.39,-1.0,-1.0
3806,E1,2012-04-07,0.116799758812,0.222593925544,0.660606315644,0.660606315644,-0.0243251912049,H,D,1.46,-1.0,-1.0
3807,F1,2013-02-17,0.650699634603,0.22280994201,0.126490423387,0.650699634603,-0.0342318722459,A,H,1.46,-1.0,-1.0
3808,F1,2010-11-14,0.349309919283,0.313624677255,0.337065403462,0.349309919283,-0.0353054653325,A,D,2.6,-1.0,-1.0
3809,I1,2015-04-26,0.309950921994,0.327257823414,0.362791254592,0.362791254592,-0.0404345518597,H,D,2.48,-1.0,-1.0
3810,F1,2013-12-21,0.230017150198,0.294955581576,0.475027268225,0.475027268225,-0.0431074468006,H,H,1.93,0.93,0.94
3811,SP1,2016-05-08,0.455423566387,0.252942241336,0.291634192277,0.455423566387,-0.0323813116621,A,H,2.05,-1.0,-1.0
3812,E2,2010-03-20,0.297487528023,0.281673607868,0.420838864109,0.420838864109,-0.042124098854,H,D,2.16,-1.0,-1.0
3813,E1,2014-04-08,0.190221348442,0.238078326995,0.571700324563,0.571700324563,-0.0200156517687,H,H,1.69,0.69,0.71
3814,I1,2011-01-06,0.182926293902,0.267270009881,0.549803696217,0.549803696217,-0.0216248752115,H,H,1.75,0.75,
3815,I1,2013-01-27,0.423283015308,0.272820129492,0.3038968552,0.423283015308,-0.017245619053,A,D,2.27,-1.0,-1.0
3816,E2,2012-12-22,0.338207807641,0.289622226072,0.372169966286,0.372169966286,-0.0246554305392,H,A,2.52,-1.0,-1.0
3817,D1,2017-04-22,0.183532325588,0.244802294059,0.571665380354,0.571665380354,-0.0030472633246,H,H,1.74,0.74,0.76
3818,F1,2016-11-05,0.113341412875,0.218380669355,0.668277917771,0.668277917771,-0.0028630218268,H,H,1.49,0.49,0.5
3819,E0,2014-03-08,0.303935173263,0.277546639335,0.418518187401,0.418518187401,-0.0162644212943,H,H,2.3,1.3,1.3
3820,D1,2013-03-15,0.21771767393,0.26577781418,0.51650451189,0.51650451189,-0.0329460375604,H,D,1.82,-1.0,-1.0
3821,E1,2011-02-01,0.151896642592,0.243884611876,0.604218745532,0.604218745532,-0.0368068954937,H,H,1.56,0.56,
3822,E0,2011-02-22,0.500698446244,0.25614453156,0.243157022195,0.500698446244,-0.0427798146251,A,H,1.84,-1.0,-1.0
3823,D1,2016-12-20,0.0763552377696,0.155852254832,0.767792507399,0.767792507399,0.0102167498231,H,D,1.32,-1.0,-1.0
3824,E0,2017-02-11,0.0436261568145,0.134874905833,0.821498937352,0.821498937352,0.0214989373524,H,H,1.25,0.25,0.27
3825,E1,2015-02-17,0.240649464892,0.273862979265,0.485487555844,0.485487555844,-0.0170250069703,H,A,1.99,-1.0,-1.0
3826,I1,2016-05-01,0.298591186271,0.280625012021,0.420783801708,0.420783801708,-0.0121166311928,H,D,2.31,-1.0,-1.0
3827,D1,2013-04-14,0.310637906733,0.274258736896,0.41510335637,0.41510335637,-0.00506471085639,H,H,2.38,1.38,1.41
3828,D1,2015-04-25,0.234425992381,0.263589310633,0.501984696986,0.501984696986,-0.0243310924877,H,D,1.9,-1.0,-1.0
3829,E2,2011-05-07,0.251607222281,0.230392393904,0.518000383815,0.518000383815,0.00779630218269,H,H,1.96,0.96,
3830,E1,2012-12-15,0.233501755417,0.245514563807,0.520983680776,0.520983680776,0.00551976324993,H,H,1.94,0.94,0.96
3831,SP1,2011-01-23,0.250387139861,0.285291193132,0.464321667007,0.464321667007,-0.0282891704316,H,H,2.03,1.03,
3832,E1,2012-04-17,0.180920833737,0.238437205814,0.580641960449,0.580641960449,-0.0145961347891,H,D,1.68,-1.0,-1.0
3833,E0,2016-04-02,0.463207042978,0.255083147666,0.281709809357,0.463207042978,-0.0245978350711,A,A,2.05,1.05,1.1
3834,F1,2016-04-09,0.439008454749,0.295607248722,0.265384296529,0.439008454749,-0.0304751133257,A,A,2.13,1.13,1.22
3835,SP1,2016-05-15,0.132153427034,0.189641828897,0.678204744069,0.678204744069,-0.0114504283449,H,H,1.45,0.45,0.47
3836,I1,2014-01-26,0.532873014965,0.261530944454,0.205596040581,0.532873014965,-0.0451616671156,A,A,1.73,0.73,0.74
3837,D1,2016-04-23,0.694210484065,0.187369661281,0.118419854654,0.694210484065,-0.0150093740912,A,A,1.41,0.41,0.43
3838,I1,2016-04-20,0.417062731634,0.244625845894,0.338311422473,0.417062731634,-0.0568709176556,A,H,2.11,-1.0,-1.0
3839,D1,2010-02-07,0.28426729775,0.276945713263,0.438786988988,0.438786988988,-0.0220425041,H,H,2.17,1.17,
3840,F1,2015-01-18,0.104536283387,0.19550036673,0.699963349884,0.699963349884,-0.00426200222916,H,H,1.42,0.42,0.44
3841,SP1,2011-03-12,0.0167094455611,0.067623069962,0.915667484477,0.915667484477,0.0307117322644,H,H,1.13,0.13,
3842,E1,2016-01-16,0.34034184055,0.25564388595,0.4040142735,0.4040142735,0.0294824382938,H,A,2.67,-1.0,-1.0
3843,E2,2016-05-02,0.240548067898,0.286193435118,0.473258496984,0.473258496984,-0.0586563966331,H,H,1.88,0.88,1.0
3844,F1,2011-05-29,0.294790987255,0.305340926101,0.399868086644,0.399868086644,-0.0718300265638,H,D,2.12,-1.0,-1.0
3845,I1,2017-01-08,0.488381156309,0.244434623421,0.26718422027,0.488381156309,-0.0351790531152,A,A,1.91,0.91,0.93
3846,E2,2011-02-01,0.246471641749,0.26811004865,0.485418309601,0.485418309601,-0.0381418998227,H,H,1.91,0.91,
3847,F1,2015-04-03,0.194731799639,0.296902626829,0.508365573533,0.508365573533,-0.0263937847561,H,D,1.87,-1.0,-1.0
3848,SC0,2010-01-30,0.392543533708,0.292057360401,0.31539910589,0.392543533708,-0.0384909490502,A,D,2.32,-1.0,-1.0
3849,SC0,2011-12-28,0.234048746693,0.265981091169,0.499970162138,0.499970162138,0.00735932469923,H,H,2.03,1.03,
3850,E1,2016-04-30,0.27560319664,0.297723376241,0.426673427119,0.426673427119,-0.0611314509295,H,A,2.05,-1.0,-1.0
3851,D1,2012-12-15,0.321307792834,0.293173730982,0.385518476184,0.385518476184,-0.0364224520859,H,D,2.37,-1.0,-1.0
3852,F1,2010-04-10,0.3719644041,0.298037979437,0.329997616462,0.3719644041,-0.0517644094589,A,H,2.36,-1.0,-1.0
3853,F1,2017-01-15,0.399339095408,0.277668915428,0.322991989165,0.399339095408,-0.0208289718193,A,A,2.38,1.38,1.34
3854,I1,2014-04-06,0.562882144668,0.266058673442,0.17105918189,0.562882144668,-0.0431784613921,A,A,1.65,0.65,0.68
3855,E2,2017-02-04,0.33299967332,0.287932233576,0.379068093103,0.379068093103,-0.00407366934895,H,A,2.61,-1.0,-1.0
3856,E2,2013-02-23,0.233490371196,0.254807573615,0.511702055189,0.511702055189,-0.0173984739115,H,A,1.89,-1.0,-1.0
3857,D1,2010-11-20,0.39162043456,0.283258135632,0.325121429808,0.39162043456,-0.0303204937104,A,D,2.37,-1.0,-1.0
3858,E0,2014-11-29,0.712643013652,0.174186833656,0.113170152692,0.712643013652,-0.0119946675079,A,D,1.38,-1.0,-1.0
3859,E1,2015-11-28,0.215767671658,0.263850920492,0.52038140785,0.52038140785,-0.0382778100271,H,D,1.79,-1.0,-1.0
3860,E2,2011-12-10,0.377226356881,0.298497664533,0.324275978586,0.377226356881,-0.0411836849601,A,A,2.39,1.39,
3861,F1,2017-01-21,0.28025941227,0.289910210136,0.429830377594,0.429830377594,-0.0126474985123,H,D,2.26,-1.0,-1.0
3862,E2,2017-03-25,0.459815455597,0.270146736592,0.270037807811,0.459815455597,-0.0426971072173,A,H,1.99,-1.0,-1.0
3863,E1,2014-03-29,0.251468060898,0.308793090446,0.439738848656,0.439738848656,-0.0553106562943,H,A,2.02,-1.0,-1.0
3864,E1,2017-03-07,0.345669727944,0.286650306587,0.367679965469,0.367679965469,3.29066457369e-05,H,D,2.72,-1.0,-1.0
3865,E0,2014-11-24,0.537416890473,0.260391908911,0.202191200617,0.537416890473,-0.0372957532056,A,D,1.74,-1.0,-1.0
3866,E1,2015-05-02,0.150511338118,0.233405781305,0.616082880577,0.616082880577,-0.0128479370334,H,D,1.59,-1.0,-1.0
3867,I1,2009-12-13,0.557215876776,0.270322451785,0.172461671438,0.557215876776,-0.0562810557389,A,D,1.63,-1.0,-1.0
3868,D1,2016-04-02,0.269142633066,0.277532834933,0.453324532001,0.453324532001,-0.0274446987679,H,H,2.08,1.08,1.1
3869,E2,2016-12-26,0.116636050619,0.190355904073,0.693008045308,0.693008045308,-0.0212776689773,H,H,1.4,0.4,0.42
3870,E2,2017-03-04,0.3501714929,0.305047434145,0.344781072955,0.3501714929,-0.0161288734006,A,H,2.73,-1.0,-1.0
3871,D1,2011-12-17,0.591963070862,0.233762179448,0.17427474969,0.591963070862,-0.0490625701632,A,A,1.56,0.56,
3872,E0,2017-05-07,0.249018050333,0.300558888812,0.450423060855,0.450423060855,-0.0704102724785,H,H,1.92,0.92,0.94
3873,E2,2010-11-23,0.23812295783,0.273070976182,0.488806065988,0.488806065988,-0.0347541434362,H,D,1.91,-1.0,-1.0
3874,SP1,2013-04-28,0.307837576231,0.263754934886,0.428407488883,0.428407488883,-0.0101890023447,H,H,2.28,1.28,1.34
3875,F1,2013-03-30,0.335017643934,0.317965563135,0.347016792931,0.347016792931,-0.0332113439508,H,A,2.63,-1.0,-1.0
3876,SC0,2012-04-07,0.607967827913,0.231534406378,0.160497765708,0.607967827913,-0.0542838277157,A,A,1.51,0.51,
3877,E0,2017-05-07,0.16628783542,0.221694681142,0.612017483438,0.612017483438,-0.0169133341724,H,D,1.59,-1.0,-1.0
3878,SC0,2013-12-26,0.228075884552,0.264223844322,0.507700271125,0.507700271125,-0.0328402694151,H,A,1.85,-1.0,-1.0
3879,E1,2014-04-05,0.306361123008,0.292823555634,0.400815321358,0.400815321358,-0.0377811698701,H,H,2.28,1.28,1.33
3880,E1,2012-12-08,0.288644454804,0.272212232037,0.439143313159,0.439143313159,-0.0486615648898,H,A,2.05,-1.0,-1.0
3881,E2,2016-01-02,0.346323193086,0.293177604054,0.360499202861,0.360499202861,-0.0443590967344,H,H,2.47,1.47,1.6
3882,F1,2011-01-22,0.259678757968,0.291604450008,0.448716792023,0.448716792023,-0.0185729276029,H,H,2.14,1.14,
3883,SP1,2016-01-31,0.0735278490054,0.186823438159,0.739648712836,0.739648712836,-0.00109202790499,H,H,1.35,0.35,0.37
3884,D1,2014-01-24,0.671434689288,0.185195557292,0.14336975342,0.671434689288,-0.018220483126,A,A,1.45,0.45,0.47
3885,E1,2014-02-15,0.350173416551,0.272472025553,0.377354557897,0.377354557897,-0.0028735789856,H,D,2.63,-1.0,-1.0
3886,E2,2011-05-07,0.169261136418,0.24677212908,0.583966734502,0.583966734502,-0.0220938715589,H,H,1.65,0.65,
3887,E2,2012-01-17,0.248219806872,0.295002680779,0.456777512349,0.456777512349,-0.0586864051769,H,D,1.94,-1.0,-1.0
3888,E1,2017-04-08,0.237790716026,0.233780856022,0.528428427952,0.528428427952,0.0182243463196,H,H,1.96,0.96,1.0
3889,E2,2011-02-01,0.276557167273,0.269601093672,0.453841739055,0.453841739055,-0.0339631389938,H,H,2.05,1.05,
3890,F1,2013-05-18,0.259132157169,0.276213406534,0.464654436297,0.464654436297,-0.0138144632244,H,H,2.09,1.09,1.16
3891,D1,2011-04-30,0.369437902797,0.290520347685,0.340041749518,0.369437902797,-0.0354203967978,A,A,2.47,1.47,
3892,I1,2015-11-22,0.283021388439,0.28755967271,0.429418938851,0.429418938851,-0.037870780775,H,H,2.14,1.14,1.16
3893,E0,2014-12-28,0.309035291577,0.286357807751,0.404606900672,0.404606900672,-0.0209250142214,H,D,2.35,-1.0,-1.0
3894,E1,2010-01-26,0.329487113655,0.282843448393,0.387669437952,0.387669437952,-0.0171888616433,H,A,2.47,-1.0,-1.0
3895,I1,2015-03-22,0.0929268927519,0.200945192985,0.706127914263,0.706127914263,-0.0132965461689,H,H,1.39,0.39,0.42
3896,I1,2010-11-14,0.293703616197,0.302129294792,0.404167089011,0.404167089011,-0.03636154535,H,A,2.27,-1.0,-1.0
3897,E2,2015-03-14,0.0785905346549,0.195681661705,0.72572780364,0.72572780364,-0.020540853076,H,H,1.34,0.34,0.36
3898,E0,2011-02-15,0.347080829739,0.306463600746,0.346455569515,0.347080829739,-0.00135122601061,A,A,2.87,1.87,
3899,I1,2014-04-13,0.19403900739,0.276874922869,0.529086069741,0.529086069741,-0.023400118104,H,H,1.81,0.81,0.85
3900,D1,2010-11-20,0.337228404511,0.296862288768,0.36590930672,0.36590930672,-0.0542587605064,H,A,2.38,-1.0,-1.0
3901,D1,2014-03-22,0.568008940978,0.224644337981,0.20734672104,0.568008940978,-0.0380516650825,A,A,1.65,0.65,0.69
3902,E0,2013-11-09,0.341037477858,0.307882800639,0.351079721503,0.351079721503,-0.047326652999,H,H,2.51,1.51,1.57
3903,I1,2011-03-06,0.275384650838,0.31762063136,0.406994717802,0.406994717802,-0.0259057150981,H,D,2.31,-1.0,-1.0
3904,SP1,2015-12-12,0.251914050948,0.308408644052,0.439677305,0.439677305,-0.0434144824396,H,A,2.07,-1.0,-1.0
3905,SP1,2010-04-04,0.198361600774,0.257180157272,0.544458241954,0.544458241954,-0.0110973136015,H,H,1.8,0.8,
3906,I1,2009-12-12,0.288867842776,0.289530087196,0.421602070028,0.421602070028,-0.0075824793283,H,D,2.33,-1.0,-1.0
3907,E2,2010-12-11,0.294186053535,0.271788397842,0.434025548623,0.434025548623,-0.0246900477069,H,H,2.18,1.18,
3908,E0,2012-04-30,0.271590912324,0.247411176614,0.480997911062,0.480997911062,0.0137081914357,H,H,2.14,1.14,
3909,I1,2011-02-20,0.504815122666,0.28461717771,0.210567699624,0.504815122666,-0.047671065179,A,A,1.81,0.81,
3910,E0,2016-04-23,0.626836372222,0.230136915981,0.143026711797,0.626836372222,-0.0225142771287,A,A,1.54,0.54,0.58
3911,E2,2014-05-03,0.236958730836,0.273506913316,0.489534355848,0.489534355848,-0.0423805377689,H,A,1.88,-1.0,-1.0
3912,E0,2017-04-23,0.135289603536,0.188192157034,0.676518239431,0.676518239431,0.00537729983327,H,A,1.49,-1.0,-1.0
3913,SC0,2012-04-22,0.550100776076,0.260435459299,0.189463764625,0.550100776076,-0.0596553214852,A,A,1.64,0.64,
3914,E1,2013-11-30,0.340912805917,0.28255125269,0.376535941393,0.376535941393,-0.02507048431,H,A,2.49,-1.0,-1.0
3915,I1,2016-02-07,0.104732840855,0.191218152671,0.704049006474,0.704049006474,-0.00517085168182,H,H,1.41,0.41,0.43
3916,E1,2013-12-03,0.173886998142,0.24918030934,0.576932692518,0.576932692518,-0.0291279135424,H,D,1.65,-1.0,-1.0
3917,D1,2010-12-17,0.435196797058,0.258006798578,0.306796404365,0.435196797058,-0.0342867710173,A,A,2.13,1.13,
3918,F1,2017-01-22,0.0950391816764,0.147259941644,0.757700876679,0.757700876679,0.005821177431,H,H,1.33,0.33,0.35
3919,E1,2013-03-29,0.238067347851,0.258282313883,0.503650338266,0.503650338266,-0.0118135792601,H,H,1.94,0.94,0.97
3920,SP1,2011-03-13,0.24454388908,0.303148723714,0.452307387206,0.452307387206,-0.0578966944265,H,H,1.96,0.96,
3921,I1,2010-03-28,0.192492708694,0.310002708886,0.49750458242,0.49750458242,-0.083890766417,H,D,1.72,-1.0,-1.0
3922,SP1,2012-12-20,0.303880445834,0.274272027658,0.421847526507,0.421847526507,-0.00918695625114,H,H,2.32,1.32,1.38
3923,E2,2011-04-02,0.306727377376,0.286748215442,0.406524407182,0.406524407182,-0.037920037262,H,H,2.25,1.25,
3924,E2,2011-01-22,0.191243093888,0.255661280063,0.55309562605,0.55309562605,-0.04570676916,H,H,1.67,0.67,
3925,E1,2010-11-27,0.348331659993,0.295363411526,0.356304928482,0.356304928482,-0.0358519342634,H,A,2.55,-1.0,-1.0
3926,D1,2011-04-16,0.316226156158,0.248403813948,0.435370029894,0.435370029894,0.0288659648535,H,A,2.46,-1.0,-1.0
3927,E1,2017-04-04,0.616811620469,0.231575682584,0.151612696947,0.616811620469,-0.028349669854,A,A,1.55,0.55,0.57
3928,SC0,2013-04-19,0.361733942351,0.275961897193,0.362304160457,0.362304160457,-0.0136356891672,H,A,2.66,-1.0,-1.0
3929,E0,2011-01-22,0.0326795565646,0.134492101537,0.832828341898,0.832828341898,-0.00050499143528,H,H,1.2,0.2,
3930,I1,2014-01-06,0.106707051821,0.218617383186,0.674675564993,0.674675564993,-0.014979607421,H,H,1.45,0.45,0.47
3931,E1,2009-12-19,0.188850504206,0.262060632507,0.549088863287,0.549088863287,-0.0158828881251,H,H,1.77,0.77,
3932,E2,2016-05-08,0.483946097865,0.276972207909,0.239081694226,0.483946097865,-0.047968795752,A,D,1.88,-1.0,-1.0
3933,E2,2012-01-14,0.221730246557,0.274184761234,0.50408499221,0.50408499221,-0.0640968259722,H,H,1.76,0.76,
3934,SP1,2012-04-28,0.157834388809,0.232671495332,0.609494115859,0.609494115859,-0.00778983475857,H,A,1.62,-1.0,-1.0
3935,E2,2017-02-28,0.277788825499,0.267683665648,0.454527508853,0.454527508853,-0.0262417219159,H,D,2.08,-1.0,-1.0
3936,F1,2011-05-01,0.245284121748,0.290776669856,0.463939208396,0.463939208396,-0.0168300223734,H,A,2.08,-1.0,-1.0
3937,SC0,2010-01-03,0.25784726996,0.269473551058,0.472679178982,0.472679178982,-0.0151256990667,H,D,2.05,-1.0,-1.0
3938,SP1,2012-02-26,0.628687476699,0.217751411449,0.153561111852,0.628687476699,-0.0515846321445,A,A,1.47,0.47,
3939,F1,2012-12-15,0.152908367215,0.25776336336,0.589328269425,0.589328269425,-0.0279556811926,H,H,1.62,0.62,0.6
3940,D1,2017-01-22,0.326608982229,0.268017658125,0.405373359646,0.405373359646,0.00696698514362,H,D,2.51,-1.0,-1.0
3941,SP1,2012-02-20,0.335139030919,0.284345176831,0.380515792251,0.380515792251,-0.00858926611501,H,A,2.57,-1.0,-1.0
3942,SP1,2017-01-16,0.329373096234,0.286580487085,0.384046416681,0.384046416681,-0.0224576483594,H,A,2.46,-1.0,-1.0
3943,E1,2011-11-19,0.506724296504,0.275048272174,0.218227431322,0.506724296504,-0.0647042749244,A,A,1.75,0.75,
3944,E0,2010-04-03,0.442274751796,0.290487419034,0.26723782917,0.442274751796,-0.0361941477252,A,H,2.09,-1.0,-1.0
3945,E1,2013-04-01,0.358507782774,0.303442410903,0.338049806322,0.358507782774,-0.0231716065387,A,D,2.62,-1.0,-1.0
3946,D1,2012-12-02,0.255943475133,0.284582901816,0.459473623051,0.459473623051,-0.0559902944748,H,D,1.94,-1.0,-1.0
3947,E1,2014-01-01,0.356764215507,0.288825152558,0.354410631935,0.356764215507,-0.0278511691086,A,D,2.6,-1.0,-1.0
3948,E2,2015-01-31,0.324458051623,0.264768340266,0.410773608112,0.410773608112,-0.000749025633266,H,H,2.43,1.43,1.56
3949,SP1,2013-04-07,0.105998912687,0.197891463338,0.696109623974,0.696109623974,-0.00811572813818,H,H,1.42,0.42,0.41
3950,E1,2012-01-31,0.311678955271,0.284804695135,0.403516349594,0.403516349594,-0.0293840833063,H,H,2.31,1.31,
3951,SC0,2015-12-27,0.605390281141,0.213722854553,0.180886864306,0.605390281141,-0.04396036821,A,D,1.54,-1.0,-1.0
3952,E1,2016-12-03,0.188842533292,0.270385108188,0.54077235852,0.54077235852,-0.0274094596615,H,H,1.76,0.76,0.76
3953,SP1,2014-03-15,0.0618353227661,0.165648979827,0.772515697407,0.772515697407,0.00328492817658,H,H,1.3,0.3,0.32
3954,E0,2013-12-15,0.53365439589,0.259815009918,0.206530594192,0.53365439589,-0.0443802861911,A,A,1.73,0.73,0.76
3955,I1,2017-03-19,0.0713871005013,0.127261613669,0.801351285829,0.801351285829,0.0139497110263,H,H,1.27,0.27,0.29
3956,I1,2013-11-10,0.0965523754548,0.207479808543,0.695967816002,0.695967816002,-0.0183178982835,H,H,1.4,0.4,0.41
3957,I1,2016-01-06,0.417344574512,0.284962399874,0.297693025614,0.417344574512,-0.0331058759384,A,A,2.22,1.22,1.28
3958,SC0,2011-01-15,0.245026010613,0.280884995941,0.474088993447,0.474088993447,-0.0387315193736,H,D,1.95,-1.0,-1.0
3959,E0,2015-02-21,0.508898875268,0.253825697925,0.237275426807,0.508898875268,-0.0466566802876,A,A,1.8,0.8,0.82
3960,E1,2014-02-11,0.335098900511,0.260277869149,0.40462323034,0.40462323034,0.0436124000149,H,A,2.77,-1.0,-1.0
3961,E1,2011-04-02,0.206985992976,0.265389408473,0.527624598551,0.527624598551,-0.0218259508995,H,H,1.82,0.82,
3962,E0,2013-12-01,0.353439674463,0.271799861638,0.374760463899,0.374760463899,0.00439009352873,H,D,2.7,-1.0,-1.0
3963,D1,2010-03-07,0.539782934762,0.263947352536,0.196269712701,0.539782934762,-0.0519330415693,A,H,1.69,-1.0,-1.0
3964,F1,2016-12-04,0.289311789664,0.297573371789,0.413114838547,0.413114838547,-0.00705322868007,H,H,2.38,1.38,1.38
3965,F1,2014-04-26,0.286258449755,0.29635341435,0.417388135896,0.417388135896,-0.0588023402949,H,H,2.1,1.1,1.16
3966,E2,2013-01-19,0.251351700122,0.300661628633,0.447986671245,0.447986671245,-0.0728466620882,H,H,1.92,0.92,0.98
3967,I1,2013-12-15,0.251924990934,0.297081660035,0.45099334903,0.45099334903,-0.0725668603939,H,H,1.91,0.91,0.91
3968,D1,2011-12-10,0.368458218857,0.28280845964,0.348733321503,0.368458218857,-0.0315417811433,A,D,2.5,-1.0,-1.0
3969,E2,2014-04-01,0.261735340041,0.283181422247,0.455083237712,0.455083237712,-0.0375275997265,H,D,2.03,-1.0,-1.0
3970,E1,2014-12-13,0.335927093007,0.280264049403,0.38380885759,0.38380885759,-0.0194169488619,H,H,2.48,1.48,1.59
3971,SP1,2011-04-09,0.0111677431374,0.0314314735388,0.957400783324,0.957400783324,0.0399695906632,H,H,1.09,0.09,
3972,I1,2017-02-01,0.518707139661,0.260237342898,0.22105551744,0.518707139661,-0.033779048184,A,A,1.81,0.81,0.85
3973,E2,2015-02-07,0.15694516537,0.260461397749,0.582593436881,0.582593436881,-0.0463373807293,H,H,1.59,0.59,0.61
3974,F1,2012-02-26,0.455344429393,0.306701982189,0.237953588418,0.455344429393,-0.0397050755575,A,H,2.02,-1.0,-1.0
3975,E2,2011-04-30,0.219928317472,0.276818817728,0.503252864801,0.503252864801,-0.04619768465,H,H,1.82,0.82,
3976,F1,2009-11-20,0.180609635524,0.287755934532,0.531634429944,0.531634429944,-0.0497609188932,H,H,1.72,0.72,
3977,SP1,2014-04-13,0.429214964414,0.257291975525,0.313493060061,0.429214964414,-0.0337479985486,A,A,2.16,1.16,1.2
3978,E0,2011-02-01,0.172102290631,0.25252561789,0.575372091479,0.575372091479,-0.00942323015848,H,D,1.71,-1.0,-1.0
3979,E0,2016-04-23,0.407250237478,0.272320677301,0.320429085221,0.407250237478,-0.0182816774154,A,A,2.35,1.35,1.39
3980,SP1,2012-01-07,0.00661256078409,0.00987820661167,0.983509232604,0.983509232604,0.0401130061891,H,H,1.06,0.06,
3981,E2,2012-01-31,0.302200245511,0.289116905817,0.408682848673,0.408682848673,-0.0608007194026,H,D,2.13,-1.0,-1.0
3982,I1,2012-03-03,0.0559134980749,0.187007640561,0.757078861364,0.757078861364,-0.0181149370858,H,D,1.29,-1.0,-1.0
3983,D1,2017-02-26,0.26387879419,0.25967849526,0.47644271055,0.47644271055,-0.013753367881,H,D,2.04,-1.0,-1.0
3984,SP1,2012-04-07,0.899609234698,0.0762613690674,0.0241293962348,0.899609234698,0.0300440173065,A,A,1.15,0.15,
3985,I1,2011-04-17,0.0468465677128,0.367408695461,0.585744736826,0.585744736826,-0.0511979383328,H,H,1.57,0.57,
3986,F1,2015-03-08,0.15717538001,0.266195691993,0.576628927997,0.576628927997,-0.0368680045181,H,H,1.63,0.63,0.64
3987,SC0,2016-03-11,0.340615108223,0.28106872979,0.378316161987,0.378316161987,-0.0454126515721,H,H,2.36,1.36,1.43
3988,D1,2013-12-21,0.433236084543,0.280672262351,0.286091653106,0.433236084543,-0.0362474835321,A,D,2.13,-1.0,-1.0
3989,E1,2016-12-17,0.289586941076,0.277004866913,0.433408192012,0.433408192012,-0.0338815276146,H,A,2.14,-1.0,-1.0
3990,SP1,2017-02-26,0.398152009813,0.289377504767,0.31247048542,0.398152009813,-0.0150711306832,A,A,2.42,1.42,1.49
3991,E1,2013-12-21,0.318526144975,0.321933853065,0.35954000196,0.35954000196,-0.0678104253903,H,A,2.34,-1.0,-1.0
3992,D1,2012-04-20,0.269016178567,0.246797897477,0.484185923956,0.484185923956,-0.0208645810947,H,D,1.98,-1.0,-1.0
3993,E0,2015-02-11,0.305762270962,0.289524457658,0.40471327138,0.40471327138,-0.0244712779762,H,D,2.33,-1.0,-1.0
3994,E2,2016-04-16,0.537084057257,0.258183926537,0.204732016206,0.537084057257,-0.0477112643805,A,H,1.71,-1.0,-1.0
3995,E2,2014-11-22,0.307176678497,0.270416668621,0.422406652881,0.422406652881,-0.0300820349015,H,A,2.21,-1.0,-1.0
3996,F1,2017-02-04,0.235888035375,0.26692023448,0.497191730145,0.497191730145,-0.0156287826756,H,A,1.95,-1.0,-1.0
3997,I1,2013-02-17,0.095616862862,0.198953765512,0.705429371626,0.705429371626,-0.0139950888058,H,D,1.39,-1.0,-1.0
3998,SP1,2012-12-01,0.351211937278,0.292500333559,0.356287729163,0.356287729163,-0.0268540332892,H,H,2.61,1.61,1.71
3999,SP1,2013-03-31,0.354711465969,0.279669933693,0.365618600338,0.365618600338,-0.0075157280198,H,D,2.68,-1.0,-1.0
4000,E2,2011-01-08,0.205994424338,0.254965233893,0.539040341769,0.539040341769,-0.0134458460761,H,H,1.81,0.81,
4001,SC0,2014-05-04,0.351054975213,0.270933716643,0.378011308144,0.378011308144,-0.00660407647168,H,H,2.6,1.6,
4002,E0,2016-01-03,0.374548041926,0.287493497992,0.337958460082,0.374548041926,-0.0115523441743,A,D,2.59,-1.0,-1.0
4003,E2,2017-03-04,0.272916565376,0.292833680111,0.434249754514,0.434249754514,-0.00822812159234,H,H,2.26,1.26,1.3
4004,I1,2013-05-11,0.0774809101674,0.162124087276,0.760395002556,0.760395002556,-0.0147987958932,H,D,1.29,-1.0,-1.0
4005,E2,2010-11-23,0.273423338122,0.29202176549,0.434554896388,0.434554896388,-0.0629575414231,H,A,2.01,-1.0,-1.0
4006,E1,2010-04-10,0.425927186586,0.276832431689,0.297240381725,0.425927186586,-0.0480064627029,A,A,2.11,1.11,
4007,E2,2013-03-09,0.335470704445,0.273809240707,0.390720054848,0.390720054848,-0.019116010726,H,H,2.44,1.44,1.65
4008,I1,2012-12-16,0.476485091608,0.263468814274,0.260046094118,0.476485091608,-0.0363354212127,A,H,1.95,-1.0,-1.0
4009,SP1,2011-05-07,0.159156845717,0.212816356412,0.628026797871,0.628026797871,-0.00488459453453,H,A,1.58,-1.0,-1.0
4010,E0,2012-05-13,0.0225773495349,0.0528646307853,0.92455801968,0.92455801968,0.0396022674675,H,H,1.13,0.13,
4011,E1,2010-02-09,0.268476726401,0.278070157477,0.453453116121,0.453453116121,-0.027316114648,H,H,2.08,1.08,
4012,E1,2016-11-19,0.316021471718,0.281016347504,0.402962180777,0.402962180777,-0.0154478610636,H,D,2.39,-1.0,-1.0
4013,D1,2012-02-11,0.018641783876,0.0874732109233,0.893885005201,0.893885005201,0.0166920227446,H,H,1.14,0.14,
4014,SP1,2014-02-02,0.223884524944,0.269443041814,0.506672433242,0.506672433242,-0.00614807957813,H,H,1.95,0.95,0.94
4015,E2,2010-04-13,0.416178546193,0.274753884329,0.309067569478,0.416178546193,-0.0467844167697,A,A,2.16,1.16,
4016,E0,2016-05-08,0.244203125818,0.239770286285,0.516026587897,0.516026587897,0.0109760828467,H,A,1.98,-1.0,-1.0
4017,D1,2011-01-15,0.256399026089,0.290376207849,0.453224766062,0.453224766062,-0.0595957467585,H,H,1.95,0.95,
4018,F1,2010-02-20,0.24487814321,0.320545141113,0.434576715677,0.434576715677,-0.0629357221335,H,H,2.01,1.01,
4019,F1,2017-03-19,0.146001425035,0.170753578741,0.683244996224,0.683244996224,0.0029728873804,H,H,1.47,0.47,0.46
4020,F1,2015-05-01,0.533589714625,0.241596287756,0.224813997619,0.533589714625,-0.0444449674564,A,A,1.73,0.73,0.74
4021,E2,2014-04-26,0.352860506592,0.28302308223,0.364116411178,0.364116411178,-0.00763080071799,H,A,2.69,-1.0,-1.0
4022,SC0,2014-12-06,0.393948796545,0.282688578427,0.323362625029,0.393948796545,-0.0352357528115,A,A,2.33,1.33,1.34
4023,SP1,2013-02-24,0.225842138825,0.287567958049,0.486589903126,0.486589903126,-0.0481694551627,H,H,1.87,0.87,0.86
4024,I1,2016-12-04,0.321361364429,0.265593511162,0.41304512441,0.41304512441,-0.000178016086247,H,D,2.42,-1.0,-1.0
4025,SC0,2011-12-10,0.647120148301,0.22982151962,0.123058332079,0.647120148301,-0.0473242961436,A,A,1.44,0.44,
4026,E0,2013-02-23,0.618642895916,0.234178115868,0.147178988215,0.618642895916,-0.0349518753255,A,A,1.53,0.53,0.57
4027,E1,2012-03-24,0.262890970044,0.284421802765,0.452687227192,0.452687227192,-0.0327496660122,H,H,2.06,1.06,
4028,E0,2015-12-19,0.0606658667047,0.161567172656,0.777766960639,0.777766960639,0.0144081820133,H,H,1.31,0.31,0.32
4029,E2,2016-04-30,0.206652149394,0.251562525833,0.541785324773,0.541785324773,-0.0137702307824,H,H,1.8,0.8,0.89
4030,F1,2010-12-19,0.271127770952,0.291244063495,0.437628165553,0.437628165553,-0.034069947655,H,D,2.12,-1.0,-1.0
4031,E1,2011-02-19,0.367527966644,0.277018268752,0.355453764604,0.367527966644,-0.029297430181,A,D,2.52,-1.0,-1.0
4032,D1,2010-11-13,0.459791158133,0.275718114446,0.264490727421,0.459791158133,-0.028013719916,A,A,2.05,1.05,
4033,F1,2013-12-15,0.272310309268,0.301120890851,0.426568799881,0.426568799881,-0.045129313327,H,D,2.12,-1.0,-1.0
4034,F1,2013-12-08,0.0129225101993,0.13388025891,0.853197230891,0.853197230891,-0.00887173462655,H,H,1.16,0.16,0.15
4035,SP1,2015-04-28,0.00129526667981,0.00109730014714,0.997607433173,0.997607433173,0.0360689716346,H,H,1.04,0.04,0.06
4036,E0,2012-04-14,0.612646730387,0.222943215394,0.164410054219,0.612646730387,-0.0409480408545,A,A,1.53,0.53,
4037,E2,2013-02-16,0.281930043427,0.24910455072,0.468965405853,0.468965405853,0.0060024428903,H,D,2.16,-1.0,-1.0
4038,E0,2014-02-01,0.371683808516,0.300294151045,0.328022040438,0.371683808516,-0.0267225659856,A,H,2.51,-1.0,-1.0
4039,E2,2009-12-12,0.523280215021,0.266400313352,0.210319471627,0.523280215021,-0.0514324286574,A,D,1.74,-1.0,-1.0
4040,SC0,2009-12-12,0.384657592916,0.295042942653,0.320299464431,0.384657592916,-0.0390712206432,A,D,2.36,-1.0,-1.0
4041,I1,2011-04-23,0.207709127752,0.263389529605,0.528901342643,0.528901342643,-0.000199186457626,H,H,1.89,0.89,
4042,I1,2013-01-27,0.159189622197,0.254317435626,0.586492942177,0.586492942177,-0.0307910084404,H,H,1.62,0.62,0.65
4043,E0,2015-05-02,0.459669676336,0.285735900014,0.254594423651,0.459669676336,-0.028135201713,A,H,2.05,-1.0,-1.0
4044,SP1,2012-03-21,0.245066469376,0.254136441051,0.500797089573,0.500797089573,0.0106010111421,H,A,2.04,-1.0,-1.0
4045,F1,2012-04-29,0.236655164033,0.281626592284,0.481718243683,0.481718243683,-0.0182817563169,H,D,2.0,-1.0,-1.0
4046,D1,2013-03-30,0.497979091473,0.271152772961,0.230868135566,0.497979091473,-0.0396553171292,A,A,1.86,0.86,0.88
4047,I1,2014-01-26,0.079402779986,0.199929665565,0.720667554449,0.720667554449,-0.0200731862913,H,D,1.35,-1.0,-1.0
4048,D1,2014-11-29,0.886904371693,0.0756961647732,0.0373994635339,0.886904371693,0.0394467445742,A,A,1.18,0.18,0.19
4049,SP1,2013-05-26,0.594908199007,0.220409856893,0.1846819441,0.594908199007,-0.0420344761524,A,A,1.57,0.57,0.61
4050,D1,2011-03-13,0.394541725028,0.236192938356,0.369265336616,0.394541725028,-0.0600037295173,A,A,2.2,1.2,
4051,E1,2013-02-19,0.132095296217,0.225076011359,0.642828692424,0.642828692424,-0.0150660444179,H,A,1.52,-1.0,-1.0
4052,E2,2009-11-14,0.329776318196,0.277744043378,0.392479638426,0.392479638426,-0.0276884288009,H,H,2.38,1.38,
4053,I1,2013-02-03,0.136712160696,0.238393351065,0.624894488239,0.624894488239,-0.0161311527871,H,H,1.56,0.56,0.59
4054,SP1,2014-01-20,0.0809000296972,0.19783393041,0.721266039893,0.721266039893,-0.0140280777539,H,H,1.36,0.36,0.38
4055,E1,2014-02-08,0.367719835271,0.29594196128,0.336338203449,0.367719835271,-0.0387842297699,A,D,2.46,-1.0,-1.0
4056,SC0,2014-01-11,0.216419947387,0.28358697131,0.499993081303,0.499993081303,-0.0494574681474,H,H,1.82,0.82,0.88
4057,E1,2012-12-26,0.217294323808,0.264685678442,0.518019997749,0.518019997749,-0.0600146843319,H,A,1.73,-1.0,-1.0
4058,E0,2014-11-09,0.447906500711,0.27466364414,0.277429855149,0.447906500711,-0.0193832189149,A,H,2.14,-1.0,-1.0
4059,SC0,2013-11-09,0.277175305684,0.278234306382,0.444590387934,0.444590387934,-0.0408465052699,H,A,2.06,-1.0,-1.0
4060,SC0,2014-12-14,0.0162923492412,0.0961720773801,0.887535573379,0.887535573379,0.00257982116627,H,H,1.13,0.13,0.16
4061,E1,2015-03-03,0.189182254601,0.210311985968,0.600505759431,0.600505759431,0.00878978309961,H,H,1.69,0.69,0.7
4062,I1,2014-12-21,0.248338833356,0.331080095771,0.420581070873,0.420581070873,-0.0720297665656,H,H,2.03,1.03,1.04
4063,E0,2010-01-30,0.286999220951,0.288733220308,0.424267558741,0.424267558741,-0.0496660905481,H,D,2.11,-1.0,-1.0
4064,D1,2017-02-25,0.0156907464521,0.0801669509408,0.904142302607,0.904142302607,0.0345770852159,H,H,1.15,0.15,0.17
4065,SP1,2013-02-02,0.259283760675,0.300360248805,0.440355990521,0.440355990521,-0.0571564472902,H,H,2.01,1.01,1.07
4066,SP1,2013-02-23,0.0463475044787,0.0989993699133,0.854653125608,0.854653125608,0.0213197922746,H,H,1.2,0.2,0.21
4067,D1,2016-02-21,0.354590035133,0.302328825453,0.343081139414,0.354590035133,-0.0157803352372,A,A,2.7,1.7,1.81
4068,SP1,2016-11-06,0.00715609527286,0.010245671806,0.982598232921,0.982598232921,0.0566723069952,H,H,1.08,0.08,0.1
4069,F1,2014-12-03,0.330499107079,0.301291942841,0.36820895008,0.36820895008,-0.00632288512589,H,A,2.67,-1.0,-1.0
4070,F1,2011-05-07,0.185473916603,0.276565233536,0.53796084986,0.53796084986,-0.0302209683215,H,A,1.76,-1.0,-1.0
4071,I1,2009-12-20,0.09114928798,0.221179238702,0.687671473318,0.687671473318,-0.0266142409673,H,H,1.4,0.4,
4072,I1,2015-03-07,0.155890820646,0.240276208765,0.603832970589,0.603832970589,-0.0172850418336,H,D,1.61,-1.0,-1.0
4073,E0,2014-02-11,0.260144871137,0.315686017157,0.424169111706,0.424169111706,-0.0733433261048,H,H,2.01,1.01,1.05
4074,D1,2009-12-19,0.0338463482767,0.126378986911,0.839774664812,0.839774664812,-0.0076829623065,H,H,1.18,0.18,
4075,F1,2012-12-09,0.413893102079,0.29850261181,0.287604286111,0.413893102079,-0.0365573483711,A,D,2.22,-1.0,-1.0
4076,F1,2016-12-11,0.236497434674,0.299107659996,0.46439490533,0.46439490533,-0.033117532481,H,H,2.01,1.01,1.04
4077,I1,2015-01-18,0.0238427258112,0.104205512267,0.871951761922,0.871951761922,0.0244941348035,H,H,1.18,0.18,0.2
4078,SP1,2009-11-08,0.134244786793,0.228836358984,0.636918854224,0.636918854224,-0.0297478124432,H,H,1.5,0.5,
4079,E1,2015-01-31,0.191136413094,0.247548123177,0.561315463729,0.561315463729,-0.0133971799494,H,D,1.74,-1.0,-1.0
4080,SP1,2011-11-26,0.0343931447225,0.106818733818,0.85878812146,0.85878812146,0.0113304943409,H,H,1.18,0.18,
4081,E2,2010-02-27,0.237043507847,0.285698084249,0.477258407903,0.477258407903,-0.0575009503855,H,H,1.87,0.87,
4082,E1,2013-12-03,0.295382225772,0.272976452758,0.43164132147,0.43164132147,-0.0291881716176,H,H,2.17,1.17,1.26
4083,SP1,2013-12-21,0.0167083428625,0.0865782964017,0.896713360736,0.896713360736,0.0271481433444,H,H,1.15,0.15,0.17
4084,D1,2014-05-03,0.132321922522,0.130452733657,0.737225343821,0.737225343821,-0.00351539692013,H,H,1.35,0.35,0.37
4085,E2,2016-01-16,0.29553003236,0.293330541425,0.411139426215,0.411139426215,-0.0475761701157,H,A,2.18,-1.0,-1.0
4086,D1,2015-11-29,0.0667063402761,0.0907068163529,0.842586843371,0.842586843371,0.0229147122235,H,H,1.22,0.22,0.23
4087,F1,2010-12-05,0.154165735756,0.269557701853,0.576276562391,0.576276562391,-0.0487234376092,H,H,1.6,0.6,
4088,F1,2011-12-17,0.247890861332,0.288357051691,0.463752086977,0.463752086977,-0.00136419209292,H,H,2.15,1.15,
4089,SP1,2014-02-08,0.325235438419,0.284840467746,0.389924093836,0.389924093836,-0.0215985399093,H,H,2.43,1.43,1.47
4090,E2,2015-02-17,0.372869100505,0.289359691397,0.337771208099,0.372869100505,-0.0208316868969,A,H,2.54,-1.0,-1.0
4091,E1,2014-04-19,0.269869065834,0.249792940838,0.480337993328,0.480337993328,-0.000431237441012,H,H,2.08,1.08,1.14
4092,F1,2015-12-02,0.387400115665,0.30082511874,0.311774765595,0.387400115665,-0.0241225180801,A,A,2.43,1.43,1.46
4093,E0,2012-02-05,0.345552161172,0.312851575183,0.341596263645,0.345552161172,-0.00656051488453,A,D,2.84,-1.0,-1.0
4094,SC0,2014-05-03,0.096159148007,0.209311417214,0.694529434779,0.694529434779,-0.0197562795065,H,H,1.4,0.4,0.4
4095,E2,2011-04-16,0.231922655108,0.279563304684,0.488514040207,0.488514040207,-0.0732837126016,H,A,1.78,-1.0,-1.0
4096,SC0,2013-04-26,0.313767437689,0.269230426522,0.417002135789,0.417002135789,-0.00316593143787,H,H,2.38,1.38,1.37
4097,E1,2017-04-05,0.269586214263,0.256957515626,0.473456270111,0.473456270111,-0.00731296065838,H,H,2.08,1.08,1.09
4098,I1,2016-03-12,0.13296484291,0.248589864817,0.618445292273,0.618445292273,-0.0267159980495,H,H,1.55,0.55,0.57
4099,E2,2010-02-20,0.217905281373,0.254116548301,0.527978170326,0.527978170326,-0.0214723791247,H,A,1.82,-1.0,-1.0
4100,E2,2011-01-22,0.231537541489,0.282314124864,0.486148333647,0.486148333647,-0.0663378541984,H,H,1.81,0.81,
4101,I1,2012-01-21,0.487993577585,0.29438708801,0.217619334405,0.487993577585,-0.0467657807039,A,A,1.87,0.87,
4102,D1,2013-03-09,0.00888114604408,0.0669553064359,0.92416354752,0.92416354752,0.0313064046628,H,H,1.12,0.12,0.14
4103,SP1,2012-02-18,0.186067632921,0.27960772079,0.534324646289,0.534324646289,-0.0539106478289,H,H,1.7,0.7,
4104,F1,2015-02-07,0.263286296856,0.291845940916,0.444867762228,0.444867762228,-0.00558268822249,H,A,2.22,-1.0,-1.0
4105,E0,2012-11-11,0.158084450232,0.208678047261,0.633237502508,0.633237502508,0.000326110102503,H,H,1.58,0.58,0.59
4106,SC0,2010-01-16,0.0333878065128,0.123342605354,0.843269588133,0.843269588133,-0.0114312665681,H,D,1.17,-1.0,-1.0
4107,D1,2011-03-12,0.202786663106,0.244784726967,0.552428609927,0.552428609927,-0.0463737852825,H,D,1.67,-1.0,-1.0
4108,E2,2013-04-16,0.427629614385,0.271434327885,0.30093605773,0.427629614385,-0.0418539536899,A,A,2.13,1.13,1.14
4109,E0,2016-12-04,0.545834386882,0.236192561599,0.217973051519,0.545834386882,-0.0223474313,A,H,1.76,-1.0,-1.0
4110,E2,2013-02-12,0.331708018395,0.281175511032,0.387116470574,0.387116470574,-0.0261066699222,H,D,2.42,-1.0,-1.0
4111,SC0,2010-12-18,0.284441355647,0.27549488997,0.440063754383,0.440063754383,-0.0407054763861,H,H,2.08,1.08,
4112,E1,2017-01-14,0.276906690484,0.287291560968,0.435801748548,0.435801748548,-0.00472688581312,H,A,2.27,-1.0,-1.0
4113,SP1,2011-11-26,0.849592574513,0.0993763930544,0.0510310324323,0.849592574513,0.01625924118,A,H,1.2,-1.0,-1.0
4114,E1,2014-04-12,0.191817980306,0.246548251917,0.561633767777,0.561633767777,-0.00654805040493,H,H,1.76,0.76,0.79
4115,SP1,2015-04-25,0.25718097086,0.274213175793,0.468605853347,0.468605853347,0.0140603988014,H,A,2.2,-1.0,-1.0
4116,E1,2012-12-08,0.366841304911,0.287258813681,0.345899881408,0.366841304911,-0.0284156120854,A,H,2.53,-1.0,-1.0
4117,E0,2016-02-06,0.178048540638,0.248230279664,0.573721179698,0.573721179698,-0.00431350238292,H,H,1.73,0.73,0.77
4118,SC0,2012-02-18,0.436611027335,0.284972478901,0.278416493764,0.436611027335,-0.0395794488555,A,D,2.1,-1.0,-1.0
4119,E2,2012-03-20,0.207606173874,0.26269725495,0.529696571176,0.529696571176,-0.032101181633,H,D,1.78,-1.0,-1.0
4120,E1,2014-01-18,0.360369498887,0.297953571467,0.341676929645,0.360369498887,-0.0272274003375,A,H,2.58,-1.0,-1.0
4121,I1,2017-02-10,0.0727507879488,0.137735356135,0.789513855917,0.789513855917,0.014320057467,H,H,1.29,0.29,0.29
4122,E2,2011-11-19,0.359403553572,0.29862308229,0.341973364138,0.359403553572,-0.0358533634239,A,A,2.53,1.53,
4123,SP1,2010-12-19,0.334016600833,0.293941970329,0.372041428838,0.372041428838,-0.0311843776136,H,A,2.48,-1.0,-1.0
4124,D1,2017-04-22,0.460069779944,0.23106649548,0.308863724576,0.460069779944,-0.0325410574949,A,A,2.03,1.03,1.05
4125,F1,2011-05-11,0.229626956497,0.287601162132,0.482771881372,0.482771881372,-0.0407883280525,H,D,1.91,-1.0,-1.0
4126,E1,2016-12-13,0.121970659055,0.175546884052,0.702482456893,0.702482456893,-0.00673740126302,H,H,1.41,0.41,0.43
4127,E2,2011-02-22,0.285885627805,0.272465041948,0.441649330247,0.441649330247,-0.0170662660833,H,D,2.18,-1.0,-1.0
4128,F1,2012-03-04,0.249843030326,0.31361942878,0.436537540894,0.436537540894,-0.0465542465459,H,D,2.07,-1.0,-1.0
4129,I1,2016-11-20,0.192753580995,0.261436039149,0.545810379856,0.545810379856,-0.0191613715566,H,H,1.77,0.77,0.78
4130,SC0,2010-05-05,0.293952476246,0.286788402296,0.419259121458,0.419259121458,-0.043703841505,H,A,2.16,-1.0,-1.0
4131,SP1,2015-11-06,0.347697487573,0.301874306085,0.350428206342,0.350428206342,-0.0172188524815,H,H,2.72,1.72,1.74
4132,F1,2009-11-28,0.470093790622,0.299054201655,0.230852007723,0.470093790622,-0.0453701269034,A,H,1.94,-1.0,-1.0
4133,E0,2012-11-24,0.541844969245,0.24818183404,0.209973196715,0.541844969245,-0.0429503523919,A,D,1.71,-1.0,-1.0
4134,E2,2012-11-06,0.311533268454,0.295816330806,0.39265040074,0.39265040074,-0.0598382870425,H,A,2.21,-1.0,-1.0
4135,E2,2013-11-26,0.22091772448,0.271121562161,0.50796071336,0.50796071336,-0.0570110380529,H,D,1.77,-1.0,-1.0
4136,E1,2012-02-21,0.311008010419,0.257441369569,0.431550620013,0.431550620013,0.00601870511918,H,A,2.35,-1.0,-1.0
4137,E2,2013-04-13,0.165529466043,0.234724269997,0.59974626396,0.59974626396,-0.0252537360397,H,H,1.6,0.6,
4138,E1,2010-03-21,0.181587365863,0.259500043768,0.558912590369,0.558912590369,-0.0363255048689,H,H,1.68,0.68,
4139,SP1,2013-03-30,0.68381797136,0.179661765229,0.136520263411,0.68381797136,-0.0254018867964,A,D,1.41,-1.0,-1.0
4140,F1,2010-01-16,0.188241515396,0.286476207136,0.525282277468,0.525282277468,-0.052752404613,H,H,1.73,0.73,
4141,I1,2014-02-16,0.076757264484,0.190335518668,0.732907216848,0.732907216848,-0.0133614398683,H,H,1.34,0.34,0.35
4142,SP1,2011-04-18,0.147082210666,0.238086953692,0.614830835642,0.614830835642,-0.0261948053835,H,H,1.56,0.56,
4143,E2,2016-02-13,0.298672267366,0.300130413889,0.401197318745,0.401197318745,-0.0596321743425,H,H,2.17,1.17,1.24
4144,E0,2017-04-26,0.28483996173,0.272965067593,0.442194970678,0.442194970678,-0.00825547977262,H,H,2.22,1.22,1.23
4145,SC0,2010-04-24,0.281534119546,0.270045917772,0.448419962682,0.448419962682,-0.0232781505256,H,A,2.12,-1.0,-1.0
4146,SC0,2010-05-09,0.525685796631,0.26322857904,0.211085624329,0.525685796631,-0.0731165985783,A,A,1.67,0.67,
4147,E0,2011-11-26,0.211600912761,0.278030852943,0.510368234297,0.510368234297,-0.0451873212589,H,H,1.8,0.8,
4148,E0,2017-02-25,0.109870361139,0.161061473016,0.729068165845,0.729068165845,0.0147824515593,H,H,1.4,0.4,0.43
4149,E1,2016-02-13,0.133912307412,0.232152677335,0.633935015254,0.633935015254,-0.0372059243437,H,A,1.49,-1.0,-1.0
4150,SP1,2016-12-05,0.376109615832,0.296551968294,0.327338415874,0.376109615832,-0.0222967586696,A,H,2.51,-1.0,-1.0
4151,E2,2012-01-24,0.267842876404,0.278866502959,0.453290620637,0.453290620637,-0.0417588843134,H,D,2.02,-1.0,-1.0
4152,SC0,2011-05-15,0.767902320729,0.134329659053,0.0977680202178,0.767902320729,-0.0133476792712,A,A,1.28,0.28,
4153,D1,2016-03-05,0.334994272421,0.298905517781,0.366100209798,0.366100209798,-0.0387580897975,H,A,2.47,-1.0,-1.0
4154,SP1,2015-01-10,0.00652292790534,0.0214432335176,0.972033838577,0.972033838577,0.0461079126511,H,H,1.08,0.08,0.1
4155,E1,2014-12-06,0.284638212885,0.274768975236,0.440592811879,0.440592811879,-0.0355976643119,H,D,2.1,-1.0,-1.0
4156,E2,2010-04-03,0.222653412688,0.291373113431,0.485973473882,0.485973473882,-0.0604746135501,H,A,1.83,-1.0,-1.0
4157,E0,2015-02-21,0.0295113608934,0.110526438809,0.859962200297,0.859962200297,0.0266288669641,H,D,1.2,-1.0,-1.0
4158,E2,2017-03-11,0.261676799994,0.255730007237,0.482593192769,0.482593192769,-0.0100176446695,H,D,2.03,-1.0,-1.0
4159,E0,2011-02-26,0.174330259045,0.254455725615,0.571214015339,0.571214015339,-0.010181333498,H,H,1.72,0.72,
4160,E0,2012-01-01,0.605103289379,0.238733675256,0.156163035365,0.605103289379,-0.0484914818632,A,H,1.53,-1.0,-1.0
4161,E2,2012-02-21,0.26145610602,0.294372966944,0.444170927035,0.444170927035,-0.0712929904906,H,A,1.94,-1.0,-1.0
4162,SP1,2017-02-04,0.0566667364338,0.109200219065,0.834133044501,0.834133044501,0.0276814315977,H,H,1.24,0.24,0.25
4163,SP1,2016-05-08,0.309891577852,0.290652282604,0.399456139544,0.399456139544,-0.0103799260301,H,A,2.44,-1.0,-1.0
4164,F1,2012-12-12,0.367331358402,0.296127450242,0.336541191357,0.367331358402,-0.0375269411935,A,A,2.47,1.47,1.49
4165,SP1,2010-11-14,0.390798291653,0.277185081711,0.332016626636,0.390798291653,-0.0347336232401,A,A,2.35,1.35,
4166,E2,2012-05-05,0.160842336047,0.258056400366,0.581101263588,0.581101263588,-0.0682493857631,H,H,1.54,0.54,
4167,SP1,2011-12-10,0.326907074165,0.224285076295,0.44880784954,0.44880784954,0.0286397823135,H,A,2.38,-1.0,-1.0
4168,D1,2015-02-14,0.336645186934,0.241997147558,0.421357665508,0.421357665508,0.0322526071424,H,H,2.57,1.57,1.63
4169,E0,2014-11-01,0.184818754632,0.262144720525,0.553036524843,0.553036524843,-0.0283588239945,H,D,1.72,-1.0,-1.0
4170,E1,2011-04-02,0.0824743253799,0.217384065852,0.700141608768,0.700141608768,-0.0244960723909,H,H,1.38,0.38,
4171,SC0,2010-03-23,0.215039310406,0.260413784673,0.524546904921,0.524546904921,-0.0249036445292,H,D,1.82,-1.0,-1.0
4172,F1,2013-04-13,0.2855493642,0.312086138699,0.402364497102,0.402364497102,-0.0420799473429,H,D,2.25,-1.0,-1.0
4173,E0,2017-04-01,0.561585221073,0.249845241548,0.188569537379,0.561585221073,-0.0336528741653,A,A,1.68,0.68,0.67
4174,E1,2010-03-23,0.172870425184,0.258315542002,0.568814032814,0.568814032814,-0.0335956057405,H,H,1.66,0.66,
4175,E0,2017-03-19,0.574228883463,0.256726818028,0.169044298509,0.574228883463,-0.0210092117749,A,A,1.68,0.68,0.69
4176,SP1,2012-02-25,0.245633024192,0.26769479599,0.486672179818,0.486672179818,-0.0011326982306,H,D,2.05,-1.0,-1.0
4177,E2,2015-03-03,0.138527491211,0.218671088308,0.642801420481,0.642801420481,-0.0194502351479,H,A,1.51,-1.0,-1.0
4178,E1,2017-01-21,0.2622935679,0.319147047579,0.418559384521,0.418559384521,-0.050924183554,H,D,2.13,-1.0,-1.0
4179,SP1,2012-04-15,0.394811633452,0.295209239854,0.309979126693,0.394811633452,-0.0271292948177,A,A,2.37,1.37,
4180,F1,2015-03-01,0.263020676465,0.3091238598,0.427855463736,0.427855463736,-0.0266899908099,H,H,2.2,1.2,1.2
4181,E0,2011-02-13,0.345420027046,0.281882587616,0.372697385338,0.372697385338,0.000950173441875,H,H,2.69,1.69,
4182,SP1,2010-12-05,0.26938988471,0.27324147114,0.45736864415,0.45736864415,-0.0304362338989,H,H,2.05,1.05,
4183,I1,2011-05-08,0.296074193589,0.301694443067,0.402231363344,0.402231363344,-0.0564842329866,H,H,2.18,1.18,
4184,E2,2012-02-07,0.181324753235,0.252473944872,0.566201301893,0.566201301893,-0.0326010933162,H,H,1.67,0.67,
4185,F1,2012-11-23,0.199981625321,0.257678840732,0.542339533947,0.542339533947,-0.0194582188617,H,H,1.78,0.78,0.83
4186,SP1,2017-04-03,0.247762170885,0.237886281729,0.514351547386,0.514351547386,0.00153103456551,H,H,1.95,0.95,0.97
4187,D1,2016-04-30,0.205255886333,0.231985261644,0.562758852024,0.562758852024,-0.00542296615795,H,D,1.76,-1.0,-1.0
4188,E0,2017-02-04,0.221935965364,0.290837745673,0.487226288962,0.487226288962,-0.0562519719073,H,A,1.84,-1.0,-1.0
4189,E2,2010-03-02,0.160223476067,0.255528285728,0.584248238204,0.584248238204,-0.0486631542007,H,H,1.58,0.58,
4190,E0,2014-03-01,0.316458714275,0.318552869199,0.364988416526,0.364988416526,-0.0569525117444,H,A,2.37,-1.0,-1.0
4191,E1,2011-12-10,0.344021058508,0.290856584433,0.36512235706,0.36512235706,-0.0348776429402,H,H,2.5,1.5,
4192,F1,2012-11-24,0.172985400701,0.249093664313,0.577920934986,0.577920934986,-0.0244887035684,H,A,1.66,-1.0,-1.0
4193,F1,2011-01-15,0.113111579033,0.243434214108,0.64345420686,0.64345420686,-0.0232124598069,H,H,1.5,0.5,
4194,E1,2011-02-12,0.30244063506,0.265211173716,0.432348191224,0.432348191224,-0.0140803802043,H,A,2.24,-1.0,-1.0
4195,D1,2015-04-04,0.084543042313,0.177349170565,0.738107787122,0.738107787122,-0.00263295361853,H,H,1.35,0.35,0.37
4196,SP1,2011-01-16,0.104250012169,0.211710507911,0.684039479921,0.684039479921,-0.0201858721922,H,H,1.42,0.42,
4197,E1,2011-04-30,0.418283975925,0.272557207053,0.309158817022,0.418283975925,-0.0261604685195,A,D,2.25,-1.0,-1.0
4198,F1,2016-04-09,0.243599967267,0.286860414261,0.469539618472,0.469539618472,-0.00439403081723,H,D,2.11,-1.0,-1.0
4199,SC0,2012-02-26,0.540012028395,0.253480307761,0.206507663844,0.540012028395,-0.0587903668146,A,A,1.67,0.67,
4200,F1,2012-02-11,0.0847881647492,0.224229047245,0.690982788006,0.690982788006,-0.0284416724258,H,A,1.39,-1.0,-1.0
4201,E0,2017-04-27,0.242023917394,0.313543246078,0.444432836528,0.444432836528,-0.0874820570889,H,D,1.88,-1.0,-1.0
4202,E2,2011-02-15,0.391581467238,0.258473980004,0.349944552759,0.391581467238,-0.0394530155208,A,H,2.32,-1.0,-1.0
4203,SP1,2016-01-09,0.28465053095,0.257656904115,0.457692564935,0.457692564935,0.00107156036893,H,H,2.19,1.19,1.22
4204,E0,2010-05-03,0.452424196922,0.287259209135,0.260316593943,0.452424196922,-0.033012696282,A,H,2.06,-1.0,-1.0
4205,E2,2014-11-15,0.419828404027,0.294627981663,0.28554361431,0.419828404027,-0.0306220464239,A,A,2.22,1.22,1.27
4206,E1,2015-05-02,0.416821017705,0.27917668804,0.304002294255,0.416821017705,-0.0237076166558,A,H,2.27,-1.0,-1.0
4207,E2,2014-04-05,0.301159882098,0.293949237951,0.404890879951,0.404890879951,-0.0298917287444,H,D,2.3,-1.0,-1.0
4208,E2,2011-12-10,0.347340035991,0.291135716498,0.361524247511,0.361524247511,-0.0534135118252,H,A,2.41,-1.0,-1.0
4209,E2,2013-03-09,0.383805713258,0.297345339626,0.318848947116,0.383805713258,-0.0490947196429,A,A,2.31,1.31,1.34
4210,E0,2013-05-04,0.527749366039,0.255088100544,0.217162533418,0.527749366039,-0.0469632776395,A,D,1.74,-1.0,-1.0
4211,E0,2010-11-27,0.0449493641941,0.169048018043,0.786002617763,0.786002617763,-0.00764817588829,H,H,1.26,0.26,
4212,E2,2016-11-13,0.562647803055,0.235627977707,0.201724219239,0.562647803055,-0.043412803006,A,A,1.65,0.65,0.68
4213,I1,2015-02-15,0.188928507418,0.275367691902,0.535703800681,0.535703800681,-0.0292679507319,H,D,1.77,-1.0,-1.0
4214,F1,2014-04-20,0.285633037942,0.293253965449,0.421112996609,0.421112996609,-0.0194156377523,H,D,2.27,-1.0,-1.0
4215,E1,2010-12-04,0.209843808229,0.2834921077,0.506664084071,0.506664084071,-0.0519951338061,H,H,1.79,0.79,
4216,E0,2010-04-17,0.483476269371,0.277357583029,0.239166147599,0.483476269371,-0.0428395201022,A,H,1.9,-1.0,-1.0
4217,E1,2015-12-12,0.340462267003,0.316803867528,0.34273386547,0.34273386547,-0.0433665206307,H,H,2.59,1.59,1.68
4218,E2,2015-12-28,0.199096745804,0.249281404085,0.551621850111,0.551621850111,-0.0165599680705,H,H,1.76,0.76,0.79
4219,E1,2014-01-18,0.431241124574,0.262463231143,0.306295644283,0.431241124574,-0.0449493516164,A,A,2.1,1.1,1.21
4220,SP1,2015-12-13,0.561465942056,0.218086690857,0.220447367088,0.561465942056,-0.0373364531537,A,H,1.67,-1.0,-1.0
4221,E2,2012-01-02,0.283954839652,0.286254726053,0.429790434295,0.429790434295,-0.0486784652264,H,D,2.09,-1.0,-1.0
4222,E0,2015-05-16,0.38183541851,0.253966421571,0.364198159919,0.38183541851,-0.0383326487173,A,H,2.38,-1.0,-1.0
4223,I1,2010-01-17,0.440382741477,0.308566194347,0.251051064176,0.440382741477,-0.031315371731,A,H,2.12,-1.0,-1.0
4224,F1,2011-05-10,0.472094950802,0.229830645925,0.298074403273,0.472094950802,0.000396837594773,A,A,2.12,1.12,
4225,E2,2012-01-21,0.309779229324,0.294441906926,0.395778863749,0.395778863749,-0.0428176274786,H,H,2.28,1.28,
4226,E1,2012-12-01,0.165006755167,0.243365275564,0.591627969269,0.591627969269,-0.0144326367915,H,H,1.65,0.65,0.64
4227,E2,2011-02-22,0.244010234239,0.27353147428,0.482458291481,0.482458291481,-0.041101917943,H,H,1.91,0.91,
4228,SP1,2012-01-07,0.276494389578,0.254208931389,0.469296679033,0.469296679033,0.014751224488,H,D,2.2,-1.0,-1.0
4229,SC0,2013-05-18,0.333631639254,0.282797722702,0.383570638044,0.383570638044,-0.0296525024523,H,A,2.42,-1.0,-1.0
4230,D1,2013-04-26,0.323657080373,0.27975818199,0.396584737637,0.396584737637,-0.0271440759226,H,A,2.36,-1.0,-1.0
4231,E2,2012-02-25,0.328193123171,0.279962440664,0.391844436165,0.391844436165,-0.0318843773941,H,D,2.36,-1.0,-1.0
4232,F1,2013-11-02,0.277148078826,0.282176712878,0.440675208296,0.440675208296,-0.0159457962699,H,H,2.19,1.19,1.24
4233,E0,2011-02-26,0.261579178097,0.268955593381,0.469465228522,0.469465228522,-0.0113040022473,H,D,2.08,-1.0,-1.0
4234,SP1,2012-12-21,0.0664631768425,0.173420557694,0.760116265463,0.760116265463,-0.00911450376766,H,H,1.3,0.3,0.34
4235,SC0,2014-01-11,0.271643188323,0.27615845966,0.452198352017,0.452198352017,-0.0356065260314,H,D,2.05,-1.0,-1.0
4236,E0,2010-02-06,0.245362805481,0.267732450305,0.486904744214,0.486904744214,0.00613551344437,H,D,2.08,-1.0,-1.0
4237,E0,2010-01-27,0.0379069778761,0.172755230493,0.789337791631,0.789337791631,-0.0171138212725,H,H,1.24,0.24,
4238,F1,2012-04-01,0.322481140614,0.300070267505,0.377448591881,0.377448591881,-0.0257772145709,H,D,2.48,-1.0,-1.0
4239,F1,2011-03-05,0.276859718302,0.319929548715,0.403210732982,0.403210732982,-0.0472397174681,H,D,2.22,-1.0,-1.0
4240,F1,2014-04-13,0.504279297367,0.277027510756,0.218693191877,0.504279297367,-0.0362612431735,A,H,1.85,-1.0,-1.0
4241,E2,2016-11-22,0.333624653468,0.300912122007,0.365463224524,0.365463224524,-0.0251617754756,H,D,2.56,-1.0,-1.0
4242,SC0,2016-03-09,0.313492763066,0.282282526765,0.40422471017,0.40422471017,-0.0231257171807,H,H,2.34,1.34,1.45
4243,SC0,2015-12-19,0.359714669915,0.284930753865,0.35535457622,0.359714669915,-0.0249007147004,A,H,2.6,-1.0,-1.0
4244,E0,2014-04-20,0.718844333299,0.15153828066,0.129617386042,0.718844333299,-0.0218964074422,A,A,1.35,0.35,0.37
4245,SC0,2014-02-22,0.485561246936,0.279437751645,0.235001001419,0.485561246936,-0.0407545425373,A,H,1.9,-1.0,-1.0
4246,I1,2011-04-03,0.156804063195,0.392824266689,0.450371670116,0.450371670116,0.00394309868752,H,A,2.24,-1.0,-1.0
4247,E0,2010-11-13,0.139374820452,0.253023079067,0.607602100481,0.607602100481,-0.0135159119415,H,H,1.61,0.61,
4248,E1,2012-11-03,0.2197806892,0.263746170356,0.516473140444,0.516473140444,-0.036013047401,H,H,1.81,0.81,0.82
4249,D1,2010-04-24,0.611742080242,0.218802808927,0.169455110831,0.611742080242,-0.0639335954335,A,D,1.48,-1.0,-1.0
4250,E0,2014-05-11,0.26269873374,0.274503662304,0.462797603956,0.462797603956,-0.0273984744751,H,A,2.04,-1.0,-1.0
4251,I1,2013-01-06,0.373272339585,0.301900802916,0.324826857499,0.373272339585,-0.0365637259888,A,H,2.44,-1.0,-1.0
4252,F1,2009-12-05,0.246904038698,0.338112871923,0.414983089379,0.414983089379,-0.0752129890523,H,D,2.04,-1.0,-1.0
4253,E1,2014-04-05,0.29619539185,0.270330353895,0.433474254255,0.433474254255,0.00612382690464,H,H,2.34,1.34,1.36
4254,SP1,2012-04-22,0.292129899459,0.26728480421,0.440585296331,0.440585296331,0.00955081357252,H,D,2.32,-1.0,-1.0
4255,E0,2014-01-18,0.388858308673,0.295943449772,0.315198241556,0.388858308673,-0.0243648318233,A,D,2.42,-1.0,-1.0
4256,E1,2014-04-21,0.260075495431,0.257682257053,0.482242247516,0.482242247516,-0.00319464568789,H,A,2.06,-1.0,-1.0
4257,I1,2012-04-25,0.158933856881,0.238967160887,0.602098982232,0.602098982232,-0.0113979502836,H,A,1.63,-1.0,-1.0
4258,I1,2010-11-10,0.234471335856,0.276588525748,0.488940138396,0.488940138396,-0.00367069904257,H,D,2.03,-1.0,-1.0
4259,I1,2014-05-18,0.47982548421,0.275802762878,0.244371752912,0.47982548421,-0.0383092308161,A,H,1.93,-1.0,-1.0
4260,E0,2014-05-11,0.683049752596,0.176639434364,0.14031081304,0.683049752596,-0.0261701055602,A,A,1.41,0.41,0.43
4261,E2,2013-01-01,0.372261030674,0.295615541895,0.33212342743,0.372261030674,-0.0293453950284,A,A,2.49,1.49,1.53
4262,SP1,2010-11-07,0.202960265369,0.237297077344,0.559742657287,0.559742657287,0.00108343940981,H,H,1.79,0.79,
4263,SC0,2011-11-05,0.0669329125304,0.153511804161,0.779555283308,0.779555283308,-0.0140955103423,H,H,1.26,0.26,
4264,E2,2012-11-17,0.350018750985,0.28177896332,0.368202285695,0.368202285695,-0.0164130989201,H,A,2.6,-1.0,-1.0
4265,SP1,2009-11-01,0.475303696816,0.282428172624,0.24226813056,0.475303696816,-0.0482565126082,A,A,1.91,0.91,
4266,SP1,2009-12-20,0.26664522908,0.265930688984,0.467424081936,0.467424081936,-0.0133451488336,H,H,2.08,1.08,
4267,E0,2012-11-24,0.12388194576,0.212075923383,0.664042130856,0.664042130856,-0.0116335448193,H,D,1.48,-1.0,-1.0
4268,F1,2016-11-06,0.396106669061,0.295679698732,0.308213632208,0.396106669061,-0.0258342592093,A,H,2.37,-1.0,-1.0
4269,E0,2010-02-20,0.0279536855502,0.153898038767,0.818148275683,0.818148275683,-0.0151850576508,H,H,1.2,0.2,
4270,I1,2012-04-25,0.827196112588,0.124538922004,0.0482649654085,0.827196112588,0.0141879825065,A,A,1.23,0.23,
4271,SC0,2012-04-07,0.419975782797,0.295915235257,0.284108981946,0.419975782797,-0.0366452217693,A,H,2.19,-1.0,-1.0
4272,E1,2009-11-07,0.368365962538,0.299369756918,0.332264280544,0.368365962538,-0.0237909002073,A,H,2.55,-1.0,-1.0
4273,E2,2011-04-30,0.265590949133,0.273480136743,0.460928914125,0.460928914125,-0.0441215909256,H,H,1.98,0.98,
4274,E1,2014-01-28,0.354481450779,0.29074176872,0.3547767805,0.3547767805,-0.0183575478579,H,H,2.68,1.68,1.8
4275,D1,2016-01-23,0.28614852882,0.253189000995,0.460662470185,0.460662470185,0.00404146561875,H,A,2.19,-1.0,-1.0
4276,E2,2014-01-25,0.192088878636,0.237581765339,0.570329356025,0.570329356025,-0.00770532605629,H,H,1.73,0.73,0.81
4277,E0,2017-02-11,0.296476383555,0.313671866844,0.389851749601,0.389851749601,-0.0565768218275,H,H,2.24,1.24,1.22
4278,E0,2012-01-02,0.472808206164,0.283752318416,0.24343947542,0.472808206164,-0.042655711362,A,H,1.94,-1.0,-1.0
4279,E2,2013-04-20,0.463164378618,0.261279307162,0.27555631422,0.463164378618,-0.0549703364083,A,H,1.93,-1.0,-1.0
4280,F1,2009-12-16,0.418063174014,0.267136098083,0.314800727903,0.418063174014,-0.0627060567551,A,A,2.08,1.08,
4281,SP1,2013-04-13,0.40223123857,0.296109390245,0.301659371184,0.40223123857,-0.0233006763235,A,D,2.35,-1.0,-1.0
4282,E0,2012-11-17,0.239692438462,0.265499922876,0.494807638662,0.494807638662,-0.023327076364,H,A,1.93,-1.0,-1.0
4283,I1,2011-01-06,0.290490991363,0.294803523486,0.414705485151,0.414705485151,-0.0144790642049,H,D,2.33,-1.0,-1.0
4284,E2,2011-04-16,0.232606537095,0.271727063343,0.495666399561,0.495666399561,-0.0507816878703,H,H,1.83,0.83,
4285,D1,2012-04-07,0.286722579209,0.291237699277,0.422039721515,0.422039721515,-0.0474438465606,H,D,2.13,-1.0,-1.0
4286,SP1,2011-03-03,0.028260732308,0.0972994231187,0.874439844573,0.874439844573,0.012370879056,H,H,1.16,0.16,
4287,E2,2009-12-01,0.510288880776,0.278739744161,0.210971375063,0.510288880776,-0.0546828706369,A,A,1.77,0.77,
4288,E1,2011-03-05,0.282918466612,0.291735664324,0.425345869064,0.425345869064,-0.0577459183755,H,D,2.07,-1.0,-1.0
4289,E1,2010-02-27,0.203270247347,0.263593184293,0.53313656836,0.53313656836,-0.0255226495166,H,D,1.79,-1.0,-1.0
4290,E2,2017-03-18,0.294577259827,0.291828929942,0.413593810231,0.413593810231,-0.0368566402196,H,H,2.22,1.22,1.25
4291,F1,2016-03-19,0.147084300789,0.237569484378,0.615346214834,0.615346214834,0.00559011727259,H,H,1.64,0.64,0.69
4292,E2,2015-03-07,0.429615246719,0.275316140991,0.29506861229,0.429615246719,-0.022873441064,A,D,2.21,-1.0,-1.0
4293,F1,2011-05-10,0.115928365723,0.257063874434,0.627007759843,0.627007759843,-0.0674366846016,H,D,1.44,-1.0,-1.0
4294,E2,2009-12-01,0.29232641897,0.266493570015,0.441180011015,0.441180011015,-0.0092704394357,H,H,2.22,1.22,
4295,SP1,2012-03-31,0.266566222522,0.265279539283,0.468154238195,0.468154238195,0.000864518569038,H,A,2.14,-1.0,-1.0
4296,F1,2012-05-02,0.20766842545,0.301616093144,0.490715481406,0.490715481406,-0.0774663367761,H,H,1.76,0.76,
4297,E1,2014-03-15,0.165750828891,0.24192923679,0.592319934319,0.592319934319,-0.0174361632422,H,H,1.64,0.64,0.7
4298,E2,2015-03-07,0.333024862858,0.295431185487,0.371543951655,0.371543951655,-0.0433938076812,H,H,2.41,1.41,1.52
4299,E2,2014-02-25,0.337515201103,0.291196786002,0.371288012895,0.371288012895,-0.0488800543321,H,H,2.38,1.38,1.46
4300,E0,2012-11-28,0.621240566086,0.212023066028,0.166736367887,0.621240566086,-0.0366541707564,A,A,1.52,0.52,0.55
4301,E2,2017-02-25,0.396586946199,0.290404807892,0.313008245908,0.396586946199,-0.0400942765081,A,H,2.29,-1.0,-1.0
4302,E0,2010-04-17,0.37696148726,0.279539607021,0.343498905719,0.37696148726,-0.0295425777803,A,A,2.46,1.46,
4303,E1,2014-03-29,0.143250118932,0.259932994164,0.596816886904,0.596816886904,-0.0243011255186,H,D,1.61,-1.0,-1.0
4304,E1,2011-02-26,0.320945639837,0.266804819111,0.412249541052,0.412249541052,0.00902373460033,H,D,2.48,-1.0,-1.0
4305,E0,2010-11-20,0.123915444996,0.244530270351,0.631554284653,0.631554284653,-0.0220404865888,H,H,1.53,0.53,
4306,E0,2011-05-08,0.535362641883,0.260413253366,0.204224104752,0.535362641883,-0.0494326797548,A,H,1.71,-1.0,-1.0
4307,E1,2011-04-12,0.265376712817,0.292740308597,0.441882978586,0.441882978586,-0.0483130998455,H,A,2.04,-1.0,-1.0
4308,E0,2016-12-31,0.276744724742,0.267356773717,0.45589850154,0.45589850154,-0.0271932858993,H,H,2.07,1.07,1.1
4309,E2,2016-04-30,0.233801772463,0.279954910023,0.486243317514,0.486243317514,-0.0373168919103,H,H,1.91,0.91,0.92
4310,E0,2016-02-27,0.208911519141,0.248603196654,0.542485284205,0.542485284205,-0.000992976664161,H,H,1.84,0.84,0.85
4311,E0,2014-02-12,0.269967913963,0.273342540878,0.456689545158,0.456689545158,-0.0172441041309,H,D,2.11,-1.0,-1.0
4312,SP1,2012-04-15,0.18793907094,0.26378225106,0.548278678,0.548278678,-0.0469594172385,H,H,1.68,0.68,
4313,E2,2016-02-20,0.26286910527,0.249054014462,0.488076880268,0.488076880268,0.00263998706455,H,H,2.06,1.06,1.1
4314,I1,2017-05-07,0.545566119537,0.225258740533,0.22917513993,0.545566119537,-0.0258624518916,A,H,1.75,-1.0,-1.0
4315,E1,2016-03-05,0.246584155748,0.264596930599,0.488818913653,0.488818913653,-0.0240015991671,H,D,1.95,-1.0,-1.0
4316,I1,2017-02-26,0.243488010245,0.297005498867,0.459506490889,0.459506490889,-0.0380059469221,H,D,2.01,-1.0,-1.0
4317,SP1,2013-01-05,0.403555175469,0.292785300584,0.303659523947,0.403555175469,-0.0369734588923,A,A,2.27,1.27,1.35
4318,E1,2017-02-14,0.345684398396,0.27166867647,0.382646925134,0.382646925134,0.0122765547633,H,D,2.7,-1.0,-1.0
4319,E1,2014-02-18,0.411029810205,0.261175414064,0.327794775731,0.411029810205,-0.0414588775773,A,A,2.21,1.21,1.23
4320,E1,2017-02-11,0.194239446535,0.270867336485,0.53489321698,0.53489321698,-0.0175929708652,H,A,1.81,-1.0,-1.0
4321,I1,2017-05-21,0.222774660588,0.245592052262,0.531633287151,0.531633287151,-0.023922268405,H,H,1.8,0.8,0.82
4322,SP1,2017-05-08,0.173916580024,0.254519723653,0.571563696323,0.571563696323,-0.0272386988868,H,H,1.67,0.67,0.71
4323,E2,2016-01-23,0.345109316842,0.290554107674,0.364336575484,0.364336575484,-0.0506011838526,H,H,2.41,1.41,1.48
4324,I1,2015-11-22,0.320142195151,0.262778027736,0.417079777113,0.417079777113,0.0354003878003,H,A,2.62,-1.0,-1.0
4325,E2,2012-03-31,0.231916275754,0.278603081541,0.489480642705,0.489480642705,-0.0396198863957,H,D,1.89,-1.0,-1.0
4326,I1,2014-03-23,0.241513890234,0.297947114787,0.460538994979,0.460538994979,-0.0394610050207,H,H,2.0,1.0,1.02
4327,E1,2015-04-06,0.235703159334,0.237245055871,0.527051784795,0.527051784795,0.00891706976906,H,D,1.93,-1.0,-1.0
4328,E1,2012-04-09,0.318838928369,0.290302913434,0.390858158197,0.390858158197,-0.0293099090301,H,H,2.38,1.38,
4329,E2,2012-11-10,0.369257948149,0.278962035555,0.351780016296,0.369257948149,-0.0339678583022,A,A,2.48,1.48,1.58
4330,E0,2013-12-07,0.592584602869,0.249391900799,0.158023496332,0.592584602869,-0.0363462147409,A,H,1.59,-1.0,-1.0
4331,E0,2017-04-15,0.193974834917,0.23530649508,0.570718670003,0.570718670003,0.0057469185901,H,D,1.77,-1.0,-1.0
4332,E2,2015-12-28,0.459482055697,0.268474387726,0.272043556578,0.459482055697,-0.0380303821142,A,D,2.01,-1.0,-1.0
4333,I1,2010-11-10,0.534633090385,0.290341949521,0.175024960094,0.534633090385,-0.0606050048533,A,D,1.68,-1.0,-1.0
4334,F1,2013-03-09,0.274043195765,0.289013914049,0.436942890187,0.436942890187,-0.034755223021,H,H,2.12,1.12,1.14
4335,I1,2012-02-11,0.346444915915,0.313406292497,0.340148791588,0.346444915915,-0.00691197454395,A,A,2.83,1.83,
4336,F1,2017-04-22,0.207909609862,0.226371671477,0.565718718661,0.565718718661,-0.00899392501759,H,H,1.74,0.74,0.75
4337,SP1,2015-01-03,0.394187770471,0.297516014808,0.308296214721,0.394187770471,-0.0331626568793,A,H,2.34,-1.0,-1.0
4338,E0,2016-03-19,0.350418216629,0.24912172504,0.40046005833,0.40046005833,0.0187806690175,H,A,2.62,-1.0,-1.0
4339,F1,2011-04-30,0.28537616676,0.313338226741,0.401285606499,0.401285606499,-0.0431588379454,H,D,2.25,-1.0,-1.0
4340,E0,2011-12-21,0.133306500534,0.249403050277,0.617290449189,0.617290449189,-0.0116403684208,H,H,1.59,0.59,
4341,I1,2012-02-25,0.266421701605,0.282209322695,0.4513689757,0.4513689757,-0.0115939872626,H,D,2.16,-1.0,-1.0
4342,E1,2016-04-05,0.377498867573,0.285861480925,0.336639651502,0.377498867573,-0.0444420606975,A,A,2.37,1.37,1.41
4343,E2,2015-01-17,0.241907125103,0.269950743744,0.488142131153,0.488142131153,-0.0194720820451,H,H,1.97,0.97,1.04
4344,E1,2017-04-23,0.23394429298,0.278402970807,0.487652736213,0.487652736213,-0.0386630532611,H,H,1.9,0.9,0.93
4345,I1,2011-04-23,0.592801759457,0.156488342244,0.250709898298,0.592801759457,-0.0783391801399,A,A,1.49,0.49,
4346,SP1,2016-03-05,0.330107164531,0.297666471513,0.372226363956,0.372226363956,-0.0153705352685,H,D,2.58,-1.0,-1.0
4347,E0,2011-01-26,0.129102674092,0.232769991073,0.638127334836,0.638127334836,-0.0154674364062,H,H,1.53,0.53,
4348,E0,2015-03-15,0.140689856741,0.248591240597,0.610718902662,0.610718902662,-0.0182119149485,H,D,1.59,-1.0,-1.0
4349,D1,2012-02-25,0.469448128236,0.267915224366,0.262636647398,0.469448128236,-0.0433723845847,A,A,1.95,0.95,
4350,F1,2014-04-20,0.285022263428,0.298310020153,0.416667716419,0.416667716419,-0.0317627768546,H,D,2.23,-1.0,-1.0
4351,E0,2013-04-07,0.0846960279334,0.174913392825,0.740390579241,0.740390579241,-0.00587807747531,H,D,1.34,-1.0,-1.0
4352,F1,2013-04-12,0.459022190791,0.279335692271,0.261642116938,0.459022190791,-0.0384902470203,A,D,2.01,-1.0,-1.0
4353,I1,2010-11-21,0.138659999111,0.269601814382,0.591738186508,0.591738186508,-0.0371926311023,H,H,1.59,0.59,
4354,I1,2013-01-13,0.0666438553577,0.178005880826,0.755350263816,0.755350263816,-0.00222549375978,H,H,1.32,0.32,0.31
4355,SP1,2012-01-15,0.168825653277,0.248868539915,0.582305806809,0.582305806809,-0.00941016952268,H,H,1.69,0.69,
4356,I1,2015-11-07,0.281385866694,0.292308065046,0.42630606826,0.42630606826,-0.0261826195228,H,A,2.21,-1.0,-1.0
4357,SP1,2012-04-08,0.409268683231,0.300293653479,0.29043766329,0.409268683231,-0.0255139254651,A,H,2.3,-1.0,-1.0
4358,F1,2017-02-11,0.195552337585,0.303373647739,0.501074014677,0.501074014677,-0.0483765347739,H,H,1.82,0.82,0.82
4359,SP1,2010-02-14,0.303737598822,0.274513777483,0.421748623695,0.421748623695,-0.0226958207497,H,D,2.25,-1.0,-1.0
4360,E1,2015-12-29,0.268899125894,0.310236604199,0.420864269907,0.420864269907,-0.0599049608627,H,A,2.08,-1.0,-1.0
4361,E2,2011-03-05,0.406680835849,0.292588488649,0.300730675502,0.406680835849,-0.0377636085951,A,D,2.25,-1.0,-1.0
4362,E0,2015-04-04,0.0423005673479,0.16718286277,0.790516569882,0.790516569882,0.00311499507928,H,H,1.27,0.27,0.27
4363,E1,2016-12-10,0.352317864951,0.302266210057,0.345415924992,0.352317864951,-0.0279102719308,A,H,2.63,-1.0,-1.0
4364,SC0,2015-01-24,0.358885254916,0.306982231934,0.334132513151,0.358885254916,-0.0227941343973,A,D,2.62,-1.0,-1.0
4365,SC0,2012-12-08,0.264031474418,0.285882215727,0.450086309854,0.450086309854,-0.044963195096,H,H,2.02,1.02,1.08
4366,E1,2011-04-30,0.290230361054,0.248072914671,0.461696724275,0.461696724275,0.011246273825,H,H,2.22,1.22,
4367,SP1,2017-05-14,0.95553366618,0.0136822438817,0.0307840899382,0.95553366618,0.0464427570891,A,A,1.1,0.1,0.11
4368,E1,2014-11-22,0.204330581387,0.258353660192,0.537315758421,0.537315758421,-0.00616250244879,H,D,1.84,-1.0,-1.0
4369,SC0,2011-12-28,0.309822613513,0.291315544096,0.398861842391,0.398861842391,-0.0303227069651,H,H,2.33,1.33,
4370,F1,2012-11-17,0.307594943747,0.270063156828,0.422341899425,0.422341899425,0.0141786341193,H,H,2.45,1.45,1.51
4371,E1,2017-01-21,0.347236653942,0.275416947991,0.377346398067,0.377346398067,-0.0148104646777,H,H,2.55,1.55,1.6
4372,E0,2015-05-24,0.305637558435,0.278276583837,0.416085857728,0.416085857728,-0.0405351468381,H,H,2.19,1.19,1.21
4373,I1,2014-03-02,0.216433341287,0.277278608624,0.506288050089,0.506288050089,-0.0228124790112,H,A,1.89,-1.0,-1.0
4374,E2,2010-01-02,0.544901198959,0.258020259843,0.197078541198,0.544901198959,-0.0685957335564,A,A,1.63,0.63,
4375,E1,2011-02-26,0.328132430468,0.271786511832,0.400081057701,0.400081057701,8.10577008561e-05,H,A,2.5,-1.0,-1.0
4376,I1,2013-04-14,0.229657571671,0.263130405232,0.507212023097,0.507212023097,-0.000402190100552,H,A,1.97,-1.0,-1.0
4377,I1,2017-03-12,0.232066956658,0.288785340883,0.479147702459,0.479147702459,-0.0363162150669,H,A,1.94,-1.0,-1.0
4378,E1,2014-03-01,0.312594920101,0.292892744807,0.394512335092,0.394512335092,-0.0204254242442,H,H,2.41,1.41,1.46
4379,F1,2013-02-16,0.196541632183,0.264752214347,0.538706153471,0.538706153471,-0.0327224179578,H,D,1.75,-1.0,-1.0
4380,I1,2009-12-06,0.190053832665,0.272800194815,0.53714597252,0.53714597252,-0.00633228834963,H,H,1.84,0.84,
4381,E2,2010-05-01,0.403343364248,0.293384961802,0.30327167395,0.403343364248,-0.0333378584593,A,H,2.29,-1.0,-1.0
4382,E1,2015-03-04,0.152222524245,0.228952529562,0.618824946194,0.618824946194,-0.0222006948321,H,H,1.56,0.56,0.57
4383,E2,2017-04-22,0.398216512935,0.246165780356,0.355617706709,0.398216512935,-0.0365660957602,A,H,2.3,-1.0,-1.0
4384,I1,2011-05-01,0.0987605270305,0.1997779376,0.70146153537,0.70146153537,-0.0338325822773,H,H,1.36,0.36,
4385,E0,2014-01-01,0.0541210575081,0.141725890415,0.804153052077,0.804153052077,0.0105022584264,H,H,1.26,0.26,0.27
4386,F1,2010-04-30,0.384742632256,0.311613913959,0.303643453785,0.384742632256,-0.0319240344108,A,D,2.4,-1.0,-1.0
4387,SC0,2010-05-08,0.298647525904,0.296833797134,0.404518676962,0.404518676962,-0.0671794362456,H,A,2.12,-1.0,-1.0
4388,D1,2016-03-19,0.792436424746,0.129549302321,0.0780142729327,0.792436424746,0.0111864247459,A,A,1.28,0.28,0.32
4389,SP1,2015-01-24,0.0588736726813,0.155832861051,0.785293466267,0.785293466267,0.00404346626726,H,H,1.28,0.28,0.3
4390,E2,2012-12-15,0.0962133894501,0.212148258512,0.691638352038,0.691638352038,-0.0382886552616,H,H,1.37,0.37,0.4
4391,E0,2011-02-02,0.316698693188,0.27417651743,0.409124789382,0.409124789382,-0.0200597599742,H,A,2.33,-1.0,-1.0
4392,I1,2012-04-07,0.351930382066,0.294783101818,0.353286516116,0.353286516116,-0.0313288684993,H,D,2.6,-1.0,-1.0
4393,E1,2014-01-01,0.326743213281,0.277021387856,0.396235398863,0.396235398863,-0.013600666711,H,H,2.44,1.44,1.43
4394,D1,2010-04-24,0.0682120606132,0.159436558564,0.772351380823,0.772351380823,-0.0150501939804,H,H,1.27,0.27,
4395,E1,2016-04-30,0.315081896269,0.29155350077,0.393364602961,0.393364602961,-0.0358199463956,H,D,2.33,-1.0,-1.0
4396,F1,2016-01-17,0.375381168989,0.311290084891,0.31332874612,0.375381168989,-0.0214442278363,A,A,2.52,1.52,1.58
4397,I1,2012-02-17,0.305904344087,0.305421887376,0.388673768537,0.388673768537,-0.0350550450226,H,A,2.36,-1.0,-1.0
4398,F1,2010-12-04,0.36608691975,0.295632491831,0.338280588418,0.36608691975,-0.0437491458236,A,A,2.44,1.44,
4399,SC0,2014-01-12,0.355114584235,0.295159070378,0.349726345387,0.355114584235,-0.00852177940095,A,D,2.75,-1.0,-1.0
4400,SC0,2017-04-01,0.277418830869,0.299184442862,0.423396726269,0.423396726269,-0.0667993521621,H,D,2.04,-1.0,-1.0
4401,I1,2009-11-01,0.568065175546,0.270615427497,0.161319396957,0.568065175546,-0.0608656420637,A,A,1.59,0.59,
4402,SC0,2011-02-20,0.271024249238,0.288140282189,0.440835468573,0.440835468573,-0.0399337621966,H,H,2.08,1.08,
4403,E2,2014-02-25,0.306059277209,0.311518366837,0.382422355955,0.382422355955,-0.0700663318282,H,D,2.21,-1.0,-1.0
4404,E2,2011-03-12,0.276975843876,0.284618757901,0.438405398223,0.438405398223,-0.0493994798256,H,D,2.05,-1.0,-1.0
4405,E2,2013-03-23,0.133895914617,0.246534116314,0.61956996907,0.61956996907,-0.0426816865596,H,H,1.51,0.51,0.53
4406,E0,2015-04-11,0.318244454502,0.296959670531,0.384795874968,0.384795874968,-0.0233673903384,H,D,2.45,-1.0,-1.0
4407,SC0,2013-02-11,0.336226850599,0.288059242552,0.37571390685,0.37571390685,-0.030790158191,H,A,2.46,-1.0,-1.0
4408,I1,2010-03-27,0.338082675792,0.299375994395,0.362541329813,0.362541329813,-0.0148171607527,H,H,2.65,1.65,
4409,F1,2013-12-04,0.728152432144,0.162439306527,0.109408261329,0.728152432144,-0.0181162245723,A,H,1.34,-1.0,-1.0
4410,I1,2010-04-11,0.37402721887,0.287318510427,0.338654270702,0.37402721887,-0.0443828229707,A,A,2.39,1.39,
4411,E1,2015-01-31,0.429076119173,0.256651301692,0.314272579134,0.429076119173,-0.0404074489016,A,D,2.13,-1.0,-1.0
4412,SP1,2012-01-08,0.34248303632,0.307443075358,0.350073888322,0.350073888322,-0.0451830286738,H,D,2.53,-1.0,-1.0
4413,E0,2011-01-16,0.357663043104,0.264262900887,0.378074056008,0.378074056008,0.0259613799521,H,D,2.84,-1.0,-1.0
4414,D1,2011-11-26,0.26248510789,0.296716247701,0.44079864441,0.44079864441,-0.054250860541,H,H,2.02,1.02,
4415,F1,2012-12-09,0.155345871904,0.26048065312,0.584173474976,0.584173474976,-0.0331104756409,H,A,1.62,-1.0,-1.0
4416,E2,2017-04-05,0.274313738145,0.302045737888,0.423640523967,0.423640523967,-0.0525499522236,H,A,2.1,-1.0,-1.0
4417,E0,2016-03-01,0.311820006211,0.291102030321,0.397077963468,0.397077963468,-0.00942610157312,H,D,2.46,-1.0,-1.0
4418,E0,2015-05-11,0.067225471063,0.156306512939,0.776468015998,0.776468015998,0.00723724676726,H,A,1.3,-1.0,-1.0
4419,SP1,2017-04-28,0.123707814053,0.167199860109,0.709092325838,0.709092325838,0.0048669737256,H,H,1.42,0.42,0.43
4420,E1,2014-11-22,0.283865065546,0.295838080039,0.420296854415,0.420296854415,-0.0581720451068,H,A,2.09,-1.0,-1.0
4421,SP1,2014-11-02,0.327513482545,0.301672089592,0.370814427864,0.370814427864,-0.00512542176011,H,H,2.66,1.66,1.68
4422,E0,2016-04-24,0.180471432898,0.242551512712,0.57697705439,0.57697705439,-0.00105762769097,H,H,1.73,0.73,0.74
4423,F1,2014-11-22,0.151463138986,0.259080610706,0.589456250308,0.589456250308,-0.0278277003091,H,D,1.62,-1.0,-1.0
4424,E2,2012-11-24,0.148728699399,0.252637999355,0.598633301247,0.598633301247,-0.050717348104,H,H,1.54,0.54,0.56
4425,E0,2016-02-02,0.311779808833,0.301389909739,0.386830281428,0.386830281428,-0.0263928590679,H,A,2.42,-1.0,-1.0
4426,E2,2010-12-11,0.152025371764,0.249756855323,0.598217772912,0.598217772912,-0.0267822270876,H,A,1.6,-1.0,-1.0
4427,E1,2015-04-07,0.30848716925,0.270044719682,0.421468111068,0.421468111068,-0.00226070249093,H,D,2.36,-1.0,-1.0
4428,E1,2016-11-26,0.346090131121,0.308547709245,0.345362159634,0.346090131121,-0.0149206992039,A,A,2.77,1.77,1.89
4429,E2,2011-11-26,0.259011857715,0.263893751894,0.477094390392,0.477094390392,-0.0331096912411,H,H,1.96,0.96,
4430,E2,2011-05-07,0.244943021346,0.249029888454,0.5060270902,0.5060270902,-0.00943682732561,H,A,1.94,-1.0,-1.0
4431,SP1,2014-04-27,0.23870686315,0.263712522829,0.497580614022,0.497580614022,-0.0232527193118,H,H,1.92,0.92,0.95
4432,E0,2011-11-19,0.0649130295294,0.171496767217,0.763590203253,0.763590203253,-0.0116035951963,H,H,1.29,0.29,
4433,E0,2015-03-21,0.257479208916,0.281736599474,0.46078419161,0.46078419161,-0.00869937646489,H,A,2.13,-1.0,-1.0
4434,E2,2009-12-05,0.373172051492,0.290818281132,0.336009667376,0.373172051492,-0.0333320135489,A,H,2.46,-1.0,-1.0
4435,SP1,2015-03-08,0.00449217436301,0.00528538029395,0.990222445343,0.990222445343,0.0468262189279,H,H,1.06,0.06,0.08
4436,SC0,2014-02-28,0.371460892955,0.258551866573,0.369987240472,0.371460892955,-0.043476866381,A,A,2.41,1.41,1.51
4437,E0,2012-12-22,0.250629190869,0.284105601689,0.465265207442,0.465265207442,-0.0475553053789,H,H,1.95,0.95,0.98
4438,E2,2017-01-28,0.444055907309,0.30750360049,0.248440492201,0.444055907309,-0.0390358801302,A,A,2.07,1.07,1.12
4439,E2,2015-02-24,0.180639523242,0.279431694019,0.539928782739,0.539928782739,-0.0553093124989,H,H,1.68,0.68,0.69
4440,SP1,2013-05-08,0.0542696548469,0.118461269414,0.827269075739,0.827269075739,0.00759694459125,H,H,1.22,0.22,0.23
4441,E1,2017-01-20,0.18492512163,0.267976116143,0.547098762226,0.547098762226,0.00655822168566,H,H,1.85,0.85,0.86
4442,E0,2016-04-23,0.0674574599498,0.151434838229,0.781107701821,0.781107701821,0.0118769325901,H,H,1.3,0.3,0.31
4443,F1,2012-05-13,0.280339056594,0.299327609302,0.420333334103,0.420333334103,-0.0321553536794,H,H,2.21,1.21,
4444,I1,2013-02-15,0.114292214569,0.217844103701,0.66786368173,0.66786368173,-0.00327725786719,H,H,1.49,0.49,0.53
4445,E2,2015-04-11,0.455186662025,0.282181679445,0.262631658529,0.455186662025,-0.0350094164062,A,D,2.04,-1.0,-1.0
4446,SC0,2010-12-26,0.0481853848394,0.134375281507,0.817439333653,0.817439333653,-0.0158939996801,H,H,1.2,0.2,
4447,E2,2015-02-07,0.362803305736,0.282960190886,0.354236503378,0.362803305736,-0.029353557009,A,A,2.55,1.55,1.6
4448,I1,2015-02-22,0.0935522945167,0.198478045254,0.707969660229,0.707969660229,-0.00631605405633,H,H,1.4,0.4,0.42
4449,SP1,2012-12-08,0.360022220245,0.284071614579,0.355906165176,0.360022220245,-0.0231195422072,A,A,2.61,1.61,1.8
4450,F1,2012-11-18,0.331850070306,0.29890597078,0.369243958914,0.369243958914,-0.0124354303987,H,H,2.62,1.62,1.78
4451,F1,2009-11-28,0.102758497737,0.247114319022,0.650127183241,0.650127183241,-0.0301449256025,H,D,1.47,-1.0,-1.0
4452,SC0,2009-12-26,0.16575863597,0.26335998141,0.57088138262,0.57088138262,-0.0502366298024,H,D,1.61,-1.0,-1.0
4453,I1,2015-05-24,0.336250454958,0.293163836415,0.370585708627,0.370585708627,-0.0359183564139,H,H,2.46,1.46,1.57
4454,E1,2014-04-22,0.411969025012,0.292627778042,0.295403196946,0.411969025012,-0.0344595464169,A,A,2.24,1.24,1.32
4455,E2,2017-03-14,0.376143326771,0.289230818703,0.334625854526,0.376143326771,-0.027082479681,A,H,2.48,-1.0,-1.0
4456,F1,2016-02-06,0.418334527202,0.283925327653,0.297740145145,0.418334527202,-0.036210927343,A,A,2.2,1.2,1.22
4457,I1,2013-01-20,0.3419426232,0.304025317838,0.354032058962,0.354032058962,-0.0320683271383,H,D,2.59,-1.0,-1.0
4458,SP1,2015-04-29,0.0045393210109,0.0169112376643,0.978549441325,0.978549441325,0.0526235153989,H,H,1.08,0.08,0.09
4459,SC0,2015-11-07,0.258051650429,0.252283805488,0.489664544083,0.489664544083,-0.0231559687373,H,H,1.95,0.95,1.03
4460,E2,2011-02-01,0.195299451648,0.244207328582,0.56049321977,0.56049321977,-0.0209021290673,H,H,1.72,0.72,
4461,I1,2017-05-27,0.095043670122,0.108178381925,0.796777947953,0.796777947953,0.00937637314949,H,H,1.27,0.27,0.28
4462,SP1,2017-02-22,0.616210044144,0.186507914644,0.197282041212,0.616210044144,-0.0248155968816,A,H,1.56,-1.0,-1.0
4463,D1,2014-03-01,0.0669855713211,0.12757846186,0.805435966819,0.805435966819,0.0117851731679,H,H,1.26,0.26,0.27
4464,D1,2015-05-16,0.528199436065,0.228212048987,0.243588514947,0.528199436065,-0.0335983167437,A,A,1.78,0.78,0.79
4465,D1,2014-05-10,0.243161311359,0.240155825275,0.516682863366,0.516682863366,-0.0267953975035,H,H,1.84,0.84,0.89
4466,I1,2011-01-09,0.377068915365,0.316094386673,0.306836697962,0.377068915365,-0.0395977513018,A,D,2.4,-1.0,-1.0
4467,E2,2015-04-25,0.228302967286,0.270706315831,0.500990716883,0.500990716883,-0.0171439981428,H,H,1.93,0.93,0.98
4468,SP1,2013-01-27,0.378389083812,0.301389665707,0.320221250481,0.378389083812,-0.034834056684,A,A,2.42,1.42,1.56
4469,E2,2010-01-16,0.366570121328,0.30091573431,0.332514144362,0.366570121328,-0.0286867956678,A,A,2.53,1.53,
4470,F1,2014-01-25,0.234061123821,0.301393806664,0.464545069515,0.464545069515,-0.0305044354359,H,D,2.02,-1.0,-1.0
4471,E1,2011-12-26,0.178943136539,0.257903332274,0.563153531187,0.563153531187,-0.0182418176506,H,H,1.72,0.72,
4472,E0,2012-12-15,0.561353574636,0.237532720888,0.201113704476,0.561353574636,-0.0410560639184,A,A,1.66,0.66,0.71
4473,E2,2016-12-26,0.178576454514,0.236427434145,0.584996111341,0.584996111341,-0.0138062838689,H,H,1.67,0.67,0.7
4474,E1,2014-01-11,0.21212166561,0.257964752702,0.529913581688,0.529913581688,-0.0195369677629,H,A,1.82,-1.0,-1.0
4475,E2,2013-03-05,0.325565738944,0.301900695951,0.372533565105,0.372533565105,-0.0585009176538,H,H,2.32,1.32,1.28
4476,E0,2012-12-30,0.478794604789,0.275231439228,0.245973955983,0.478794604789,-0.0420387285446,A,A,1.92,0.92,0.97
4477,F1,2011-04-03,0.490065561731,0.28847743234,0.221457005929,0.490065561731,-0.0475688468713,A,D,1.86,-1.0,-1.0
4478,D1,2015-11-07,0.443908078671,0.260508568818,0.295583352511,0.443908078671,-0.0212082003987,A,H,2.15,-1.0,-1.0
4479,SP1,2017-01-15,0.251502557428,0.28019927514,0.468298167432,0.468298167432,-0.0445223453882,H,H,1.95,0.95,0.98
4480,E1,2011-11-19,0.286276418778,0.268583099888,0.445140481333,0.445140481333,-0.0135751149969,H,H,2.18,1.18,
4481,SC0,2015-11-28,0.234131316258,0.266367555976,0.499501127766,0.499501127766,-0.0560544277898,H,H,1.8,0.8,0.86
4482,F1,2014-01-11,0.242325830865,0.271641213373,0.486032955762,0.486032955762,0.000596062558608,H,H,2.06,1.06,1.15
4483,E1,2014-04-26,0.117472706152,0.213024089861,0.669503203986,0.669503203986,-0.015428302863,H,A,1.46,-1.0,-1.0
4484,D1,2013-05-11,0.504802866696,0.246346866232,0.248850267072,0.504802866696,-0.0386753941736,A,D,1.84,-1.0,-1.0
4485,E1,2014-01-01,0.470776987762,0.262135631252,0.267087380986,0.470776987762,-0.0446869297638,A,A,1.94,0.94,0.96
4486,E2,2012-02-25,0.199968735179,0.261169365123,0.538861899698,0.538861899698,-0.0391727823831,H,H,1.73,0.73,
4487,D1,2012-05-05,0.0761699190364,0.162520572123,0.761309508841,0.761309508841,-0.0079212603899,H,H,1.3,0.3,
4488,E0,2017-01-31,0.309189744468,0.305385679622,0.38542457591,0.38542457591,0.0122902475514,H,D,2.68,-1.0,-1.0
4489,D1,2015-11-28,0.342413369936,0.313646674528,0.343939955536,0.343939955536,-0.0319998940883,H,H,2.66,1.66,1.75
4490,D1,2015-02-07,0.316835579702,0.301923308336,0.381241111963,0.381241111963,-0.0554401107446,H,H,2.29,1.29,1.37
4491,SP1,2015-01-24,0.925013893435,0.057513542854,0.017472563711,0.925013893435,0.0478209109789,A,A,1.14,0.14,0.15
4492,E2,2010-03-13,0.330818799746,0.275118761061,0.394062439193,0.394062439193,-0.0157736263811,H,A,2.44,-1.0,-1.0
4493,SC0,2015-04-07,0.343053088135,0.296723456824,0.360223455041,0.360223455041,-0.0319334077043,H,H,2.55,1.55,1.6
4494,F1,2012-04-21,0.517819492872,0.266898166311,0.215282340817,0.517819492872,-0.0503623253093,A,A,1.76,0.76,
4495,E0,2012-03-21,0.395646453227,0.286961368939,0.317392177834,0.395646453227,-0.0317039741231,A,A,2.34,1.34,
4496,SP1,2016-04-09,0.469339401896,0.282703659503,0.247956938601,0.469339401896,-0.0306605981043,A,A,2.0,1.0,1.0
4497,E2,2016-03-15,0.404315192505,0.301340470149,0.294344337346,0.404315192505,-0.0230352348456,A,A,2.34,1.34,1.4
4498,E0,2012-05-06,0.490600782135,0.268429924485,0.24096929338,0.490600782135,-0.0470336264667,A,D,1.86,-1.0,-1.0
4499,D1,2013-05-04,0.185228990672,0.257306813241,0.557464196087,0.557464196087,-0.0413381991227,H,A,1.67,-1.0,-1.0
4500,I1,2011-02-02,0.280797173051,0.316897148738,0.402305678211,0.402305678211,-0.0343755444964,H,A,2.29,-1.0,-1.0
4501,I1,2010-02-07,0.313806812043,0.3254025035,0.360790684457,0.360790684457,-0.0576193573845,H,H,2.39,1.39,
4502,F1,2013-12-03,0.504176548515,0.282251871328,0.213571580157,0.504176548515,-0.051379007041,A,A,1.8,0.8,0.82
4503,E1,2010-01-09,0.326446715073,0.294205718759,0.379347566169,0.379347566169,-0.0408205010581,H,H,2.38,1.38,
4504,E1,2015-02-17,0.357335855703,0.285206931018,0.357457213279,0.357457213279,-0.0156771150795,H,D,2.68,-1.0,-1.0
4505,SC0,2013-05-11,0.262065600619,0.266864717978,0.471069681402,0.471069681402,-0.0314428814118,H,A,1.99,-1.0,-1.0
4506,E0,2010-05-01,0.319800597449,0.307477799282,0.372721603269,0.372721603269,-0.0474464639577,H,H,2.38,1.38,
4507,E0,2017-02-01,0.619564376729,0.189158480177,0.191277143094,0.619564376729,-0.0173782984306,A,A,1.57,0.57,0.58
4508,E2,2015-01-31,0.282891040402,0.262047177071,0.455061782527,0.455061782527,-0.0057677105605,H,D,2.17,-1.0,-1.0
4509,E2,2016-01-30,0.438486258275,0.293329794014,0.268183947711,0.438486258275,-0.0309973098001,A,H,2.13,-1.0,-1.0
4510,F1,2009-12-06,0.368340880653,0.314217010899,0.317442108448,0.368340880653,-0.0365174189422,A,H,2.47,-1.0,-1.0
4511,D1,2012-04-07,0.243282956039,0.256281221126,0.500435822835,0.500435822835,0.00292338502451,H,H,2.01,1.01,
4512,D1,2009-11-21,0.44264794143,0.285760474514,0.271591584057,0.44264794143,-0.04044384601,A,A,2.07,1.07,
4513,E2,2011-01-25,0.216102177926,0.262879001011,0.521018821062,0.521018821062,-0.0536938226159,H,D,1.74,-1.0,-1.0
4514,E1,2011-01-03,0.132551428884,0.226045379624,0.641403191492,0.641403191492,-0.0164915453506,H,D,1.52,-1.0,-1.0
4515,E1,2016-02-13,0.388839604804,0.312757539535,0.298402855661,0.388839604804,-0.0440608280965,A,A,2.31,1.31,1.41
4516,I1,2013-04-28,0.452190187871,0.269887067236,0.277922744892,0.452190187871,-0.0404206495671,A,A,2.03,1.03,1.04
4517,SP1,2014-04-26,0.30803414077,0.279220414146,0.412745445084,0.412745445084,-0.0397432426986,H,A,2.21,-1.0,-1.0
4518,E2,2014-01-18,0.387338696718,0.29492693556,0.317734367722,0.387338696718,-0.0400117306324,A,D,2.34,-1.0,-1.0
4519,E2,2009-11-21,0.316854496583,0.296492856695,0.386652646722,0.386652646722,-0.0538759876388,H,A,2.27,-1.0,-1.0
4520,E2,2011-02-19,0.220741334851,0.277813727643,0.501444937506,0.501444937506,-0.0541106180493,H,H,1.8,0.8,
4521,E2,2015-04-18,0.164021566201,0.236590570708,0.599387863092,0.599387863092,-0.0335235293135,H,H,1.58,0.58,0.59
4522,E2,2017-02-14,0.278985901542,0.294496913277,0.42651718518,0.42651718518,-0.054252045589,H,A,2.08,-1.0,-1.0
4523,F1,2015-03-21,0.343264361997,0.290661974949,0.366073663055,0.366073663055,0.0151964700723,H,D,2.85,-1.0,-1.0
4524,E1,2016-04-01,0.399154072095,0.297272448464,0.303573479441,0.399154072095,-0.0337463608054,A,A,2.31,1.31,1.39
4525,F1,2014-01-26,0.313086578927,0.316698312939,0.370215108134,0.370215108134,-0.0379481571718,H,H,2.45,1.45,1.49
4526,I1,2017-05-14,0.218004594846,0.251317076348,0.530678328806,0.530678328806,-0.0279808890715,H,H,1.79,0.79,0.81
4527,E1,2011-02-15,0.226988234953,0.249472713309,0.523539051738,0.523539051738,0.00270571840509,H,D,1.92,-1.0,-1.0
4528,F1,2017-01-29,0.183341744279,0.232229309283,0.584428946438,0.584428946438,-0.0216316596222,H,D,1.65,-1.0,-1.0
4529,F1,2010-04-27,0.238156044979,0.288203772647,0.473640182374,0.473640182374,-0.04992002705,H,D,1.91,-1.0,-1.0
4530,E0,2011-04-23,0.0384110079235,0.13391881701,0.827670175067,0.827670175067,0.00799804391942,H,H,1.22,0.22,
4531,E2,2015-11-28,0.226858827412,0.250683836132,0.522457336456,0.522457336456,-0.0269932129944,H,A,1.82,-1.0,-1.0
4532,E1,2013-11-23,0.259496936945,0.264076898136,0.476426164919,0.476426164919,-0.0235738350814,H,H,2.0,1.0,1.05
4533,E2,2010-02-20,0.38867689365,0.280300440174,0.331022666176,0.38867689365,-0.0461057150458,A,A,2.3,1.3,
4534,SC0,2011-12-24,0.0448511042805,0.171424530531,0.783724365189,0.783724365189,-0.0227272477145,H,H,1.24,0.24,
4535,E2,2015-02-10,0.207413147292,0.255553070091,0.537033782617,0.537033782617,-0.0410008994637,H,A,1.73,-1.0,-1.0
4536,F1,2015-05-02,0.0528573157362,0.147018416526,0.800124267738,0.800124267738,0.000124267738283,H,H,1.25,0.25,0.27
4537,E2,2011-03-22,0.138717907623,0.221188893423,0.640093198954,0.640093198954,-0.0178015378878,H,H,1.52,0.52,
4538,E2,2013-01-19,0.230812973315,0.281062464275,0.48812456241,0.48812456241,-0.0437903312069,H,H,1.88,0.88,0.92
4539,F1,2013-12-01,0.0857362852501,0.17497519772,0.73928851703,0.73928851703,-0.00698013968669,H,H,1.34,0.34,0.34
4540,I1,2012-02-19,0.318103860662,0.289265509236,0.392630630102,0.392630630102,-0.0205925103935,H,H,2.42,1.42,
4541,D1,2012-03-31,0.359177834069,0.288235675349,0.352586490581,0.359177834069,-0.0125693778265,A,A,2.69,1.69,
4542,F1,2016-02-14,0.326992902255,0.317938683953,0.355068413793,0.355068413793,-0.0401885032034,H,D,2.53,-1.0,-1.0
4543,SP1,2014-04-06,0.366387717512,0.275008777046,0.358603505442,0.366387717512,-0.0434483480614,A,D,2.44,-1.0,-1.0
4544,D1,2017-04-01,0.335324999885,0.288706043841,0.375968956274,0.375968956274,-0.0131361020918,H,D,2.57,-1.0,-1.0
4545,D1,2012-04-08,0.368007248543,0.284625193591,0.347367557866,0.368007248543,-0.0210978098227,A,D,2.57,-1.0,-1.0
4546,SP1,2011-04-02,0.57286280117,0.242865664957,0.184271533873,0.57286280117,-0.040634131345,A,A,1.63,0.63,
4547,E2,2014-03-11,0.432575099194,0.280593900438,0.286831000368,0.432575099194,-0.032541179876,A,A,2.15,1.15,1.16
4548,F1,2014-03-15,0.359167954092,0.302743097864,0.338088948044,0.359167954092,-0.0345328333097,A,A,2.54,1.54,1.67
4549,D1,2014-05-03,0.523142688084,0.239543191557,0.237314120359,0.523142688084,-0.041829063328,A,A,1.77,0.77,0.79
4550,E1,2014-04-08,0.441665811176,0.286070097398,0.272264091426,0.441665811176,-0.0212971517866,A,A,2.16,1.16,1.18
4551,I1,2012-02-25,0.304636222011,0.332769652383,0.362594125606,0.362594125606,-0.0779345087549,H,D,2.27,-1.0,-1.0
4552,E1,2014-11-04,0.208534087697,0.261330889814,0.530135022489,0.530135022489,-0.0615809538424,H,H,1.69,0.69,0.66
4553,F1,2011-04-02,0.465110044104,0.278564757458,0.256325198438,0.465110044104,-0.0530246709222,A,A,1.93,0.93,
4554,F1,2016-04-30,0.368596372595,0.283775813769,0.347627813636,0.368596372595,-0.0395668927112,A,H,2.45,-1.0,-1.0
4555,E0,2015-12-19,0.302645971698,0.285746094368,0.411607933934,0.411607933934,-0.0761969441145,H,A,2.05,-1.0,-1.0
4556,E1,2013-12-26,0.414360103017,0.279104988574,0.306534908408,0.414360103017,-0.0360903474331,A,D,2.22,-1.0,-1.0
4557,E2,2012-02-25,0.225592904954,0.268152181863,0.506254913183,0.506254913183,-0.0372233476868,H,D,1.84,-1.0,-1.0
4558,D1,2014-12-12,0.237137673548,0.233388976267,0.529473350185,0.529473350185,-0.0140049106842,H,H,1.84,0.84,0.86
4559,D1,2016-03-19,0.239544075326,0.302090187358,0.458365737315,0.458365737315,-0.0294391407335,H,H,2.05,1.05,1.13
4560,E2,2017-04-30,0.313709977338,0.248735590835,0.437554431827,0.437554431827,-0.0190665727393,H,D,2.19,-1.0,-1.0
4561,I1,2012-02-26,0.278559305452,0.299767384319,0.421673310229,0.421673310229,-0.0308153775539,H,H,2.21,1.21,
4562,E1,2016-04-05,0.199295192036,0.23303384729,0.567670960674,0.567670960674,-0.0171243609633,H,H,1.71,0.71,0.71
4563,SC0,2016-02-20,0.391270997097,0.260462783754,0.34826621915,0.391270997097,-0.0397634856621,A,D,2.32,-1.0,-1.0
4564,E0,2016-05-15,0.319533355667,0.269608238039,0.410858406294,0.410858406294,-0.0277380849345,H,D,2.28,-1.0,-1.0
4565,E2,2015-11-21,0.356286600677,0.278959080613,0.36475431871,0.36475431871,-0.0198610659053,H,A,2.6,-1.0,-1.0
4566,E0,2016-04-16,0.0282040855507,0.142717553135,0.829078361314,0.829078361314,0.016070231233,H,H,1.23,0.23,0.26
4567,F1,2015-05-09,0.286049214176,0.282689635411,0.431261150413,0.431261150413,-0.0404369627945,H,A,2.12,-1.0,-1.0
4568,E2,2010-05-01,0.28227458106,0.258772135475,0.458953283465,0.458953283465,-0.0195156160567,H,D,2.09,-1.0,-1.0
4569,E0,2017-01-31,0.415993602382,0.293307765764,0.290698631854,0.415993602382,-0.0150408803766,A,H,2.32,-1.0,-1.0
4570,E2,2016-12-17,0.344903520027,0.292625248095,0.362471231879,0.362471231879,-0.0594696963914,H,H,2.37,1.37,1.38
4571,F1,2011-11-19,0.302074246545,0.313953774718,0.383971978736,0.383971978736,-0.0379689495336,H,A,2.37,-1.0,-1.0
4572,E2,2016-12-10,0.411380868303,0.274892259348,0.313726872348,0.411380868303,-0.0370496249703,A,A,2.23,1.23,1.3
4573,E2,2015-04-03,0.179268390696,0.224106369403,0.596625239901,0.596625239901,0.00838994578333,H,H,1.7,0.7,0.72
4574,E2,2016-11-12,0.363991646172,0.296314430852,0.339693922976,0.363991646172,-0.0147962326158,A,H,2.64,-1.0,-1.0
4575,SC0,2009-12-05,0.26931268205,0.275045035618,0.455642282332,0.455642282332,-0.0321625957171,H,A,2.05,-1.0,-1.0
4576,I1,2015-05-10,0.265722931591,0.288250877583,0.446026190826,0.446026190826,-0.0301642853641,H,A,2.1,-1.0,-1.0
4577,I1,2017-01-15,0.0278522320056,0.0702708815113,0.901876886483,0.901876886483,0.0398079209659,H,H,1.16,0.16,0.18
4578,E2,2017-03-28,0.187272270602,0.255206753719,0.557520975679,0.557520975679,-0.0377171195587,H,H,1.68,0.68,0.71
4579,E2,2013-01-12,0.318602254123,0.290835439752,0.390562306124,0.390562306124,-0.0499663282368,H,A,2.27,-1.0,-1.0
4580,E2,2015-02-14,0.321184654221,0.297472258898,0.381343086881,0.381343086881,-0.0515573460197,H,H,2.31,1.31,1.4
4581,E1,2015-04-11,0.25518382522,0.246880004732,0.497936170049,0.497936170049,0.0028866650984,H,A,2.02,-1.0,-1.0
4582,E1,2017-02-14,0.237089806644,0.27724555736,0.485664635996,0.485664635996,-0.0168479268181,H,A,1.99,-1.0,-1.0
4583,E2,2013-01-26,0.357966211507,0.285723031953,0.356310756541,0.357966211507,-0.0404401629954,A,A,2.51,1.51,1.68
4584,SP1,2016-03-02,0.118929671519,0.178075275727,0.702995052754,0.702995052754,-0.00123029935872,H,H,1.42,0.42,0.44
4585,E0,2010-12-26,0.216974775965,0.268639993994,0.514385230041,0.514385230041,-0.006448103292,H,A,1.92,-1.0,-1.0
4586,E2,2010-02-06,0.2827253598,0.262057959104,0.455216681095,0.455216681095,-0.0120730385309,H,A,2.14,-1.0,-1.0
4587,E1,2014-03-25,0.335297607415,0.284472053401,0.380230339184,0.380230339184,0.0230874820408,H,H,2.8,1.8,1.99
4588,E0,2015-01-10,0.029644920231,0.109344009038,0.861011070731,0.861011070731,0.0206749362774,H,H,1.19,0.19,0.2
4589,D1,2015-12-18,0.194793117686,0.23821511954,0.566991762774,0.566991762774,-0.028246332464,H,H,1.68,0.68,0.69
4590,D1,2014-01-25,0.322373210822,0.29101724136,0.386609547818,0.386609547818,-0.0371192657412,H,H,2.36,1.36,1.38
4591,I1,2014-03-29,0.294497444703,0.295605297565,0.409897257732,0.409897257732,-0.0138315558272,H,A,2.36,-1.0,-1.0
4592,F1,2010-11-06,0.329002577088,0.289394669086,0.381602753826,0.381602753826,0.00846842546753,H,D,2.68,-1.0,-1.0
4593,E2,2013-04-06,0.297859258493,0.267686977191,0.434453764316,0.434453764316,-0.00222745839166,H,D,2.29,-1.0,-1.0
4594,E2,2015-01-31,0.552896258,0.241322684359,0.205781057641,0.552896258,-0.0568598395613,A,A,1.64,0.64,0.66
4595,E0,2011-12-26,0.321356938843,0.287596362848,0.391046698309,0.391046698309,-0.0238910610269,H,D,2.41,-1.0,-1.0
4596,E1,2016-03-18,0.300429200887,0.334002942063,0.36556785705,0.36556785705,-0.058160956509,H,H,2.36,1.36,1.39
4597,D1,2010-11-20,0.576402469837,0.24570691317,0.177890616993,0.576402469837,-0.0408814807807,A,A,1.62,0.62,
4598,E1,2011-01-15,0.216265802846,0.285398022981,0.498336174173,0.498336174173,-0.0511143752771,H,H,1.82,0.82,
4599,E0,2013-04-06,0.438003669263,0.267663162994,0.294333167743,0.438003669263,-0.0144850185198,A,A,2.21,1.21,1.21
4600,I1,2010-02-07,0.342101232144,0.310004691565,0.34789407629,0.34789407629,-0.0367213083253,H,A,2.6,-1.0,-1.0
4601,SP1,2009-12-19,0.0453991673979,0.122887839292,0.83171299331,0.83171299331,-0.00162034002317,H,H,1.2,0.2,
4602,I1,2015-05-17,0.199999456041,0.306707931295,0.493292612664,0.493292612664,-0.0814200310146,H,H,1.74,0.74,0.75
4603,E2,2012-02-14,0.291576938751,0.300411118395,0.408011942854,0.408011942854,-0.0659217064351,H,H,2.11,1.11,
4604,E0,2017-02-11,0.450862084719,0.288527891183,0.260610024098,0.450862084719,-0.0142541943507,A,D,2.15,-1.0,-1.0
4605,E1,2010-04-03,0.360853398601,0.264346606475,0.374799994924,0.374799994924,0.0163770558558,H,D,2.79,-1.0,-1.0
4606,F1,2015-05-16,0.342672970032,0.297875836948,0.35945119302,0.35945119302,-0.017907297546,H,D,2.65,-1.0,-1.0
4607,E0,2016-04-30,0.0529273739483,0.135436189716,0.811636436335,0.811636436335,0.0179856426847,H,H,1.26,0.26,0.27
4608,F1,2011-04-24,0.217786587416,0.282327902154,0.499885510429,0.499885510429,-0.0129350023911,H,H,1.95,0.95,
4609,D1,2014-12-17,0.252938605771,0.271999316658,0.47506207757,0.47506207757,-0.0540384515301,H,D,1.89,-1.0,-1.0
4610,E2,2010-02-09,0.257441542621,0.275495679663,0.467062777716,0.467062777716,-0.0304496600946,H,A,2.01,-1.0,-1.0
4611,E0,2013-03-09,0.309924414386,0.273776269983,0.41629931563,0.41629931563,-0.00923259926321,H,H,2.35,1.35,1.42
4612,SP1,2017-04-08,0.145930267218,0.210509097664,0.643560635118,0.643560635118,-0.0100341361239,H,H,1.53,0.53,0.56
4613,E1,2015-01-17,0.503142118823,0.26466279429,0.232195086886,0.503142118823,-0.0373984217171,A,A,1.85,0.85,0.88
4614,SC0,2014-11-01,0.214345405404,0.249776684128,0.535877910467,0.535877910467,-0.0323039077144,H,H,1.76,0.76,0.85
4615,E2,2010-11-20,0.171416635993,0.259706965245,0.568876398762,0.568876398762,-0.0640349936433,H,H,1.58,0.58,
4616,E1,2016-11-20,0.457743676468,0.289980444896,0.252275878636,0.457743676468,-0.0276932167363,A,A,2.06,1.06,1.13
4617,E2,2012-12-15,0.30406130166,0.282964571923,0.412974126418,0.412974126418,-0.0314703180268,H,D,2.25,-1.0,-1.0
4618,E2,2010-04-05,0.0916998116216,0.207884748153,0.700415440225,0.700415440225,-0.0348786774217,H,H,1.36,0.36,
4619,SC0,2016-05-10,0.351134290617,0.287825829191,0.361039880193,0.361039880193,-0.0538978791435,H,D,2.41,-1.0,-1.0
4620,E0,2014-01-28,0.196846531761,0.228410188104,0.574743280134,0.574743280134,0.022257092289,H,H,1.81,0.81,0.83
4621,SP1,2011-01-22,0.113410028145,0.189205181102,0.697384790753,0.697384790753,-0.0169009235326,H,H,1.4,0.4,
4622,E1,2012-01-28,0.300578833794,0.283483637921,0.415937528285,0.415937528285,-0.0406834762807,H,A,2.19,-1.0,-1.0
4623,F1,2012-11-24,0.0321044276463,0.136208884143,0.831686688211,0.831686688211,-0.00164664512273,H,H,1.2,0.2,0.19
4624,SC0,2016-11-21,0.505459743227,0.255453338184,0.23908691859,0.505459743227,-0.0531994746504,A,D,1.79,-1.0,-1.0
4625,I1,2013-04-06,0.243677768146,0.291939226637,0.464383005216,0.464383005216,-0.00955064407266,H,D,2.11,-1.0,-1.0
4626,F1,2011-02-19,0.133943830594,0.273290423911,0.592765745496,0.592765745496,-0.0565849038551,H,H,1.54,0.54,
4627,E1,2010-01-23,0.234738816847,0.28100303332,0.484258149833,0.484258149833,-0.0562823907073,H,H,1.85,0.85,
4628,D1,2010-12-11,0.337872219044,0.285458262254,0.376669518702,0.376669518702,-0.0365536217937,H,H,2.42,1.42,
4629,E2,2016-03-19,0.202085128077,0.263022271419,0.534892600504,0.534892600504,-0.0145579489465,H,D,1.82,-1.0,-1.0
4630,E1,2014-03-15,0.135365390798,0.215934132505,0.648700476697,0.648700476697,-0.0135511789325,H,D,1.51,-1.0,-1.0
4631,E0,2013-01-01,0.157869905082,0.218859819718,0.6232702752,0.6232702752,-0.00566054240966,H,D,1.59,-1.0,-1.0
4632,I1,2017-02-13,0.184495947774,0.248315103207,0.567188949019,0.567188949019,-0.0176063726182,H,D,1.71,-1.0,-1.0
4633,F1,2017-04-23,0.365675080683,0.23654344142,0.397781477897,0.397781477897,0.0189935991092,H,A,2.64,-1.0,-1.0
4634,SP1,2017-04-01,0.180665373787,0.28466640697,0.534668219243,0.534668219243,-0.0303035321691,H,D,1.77,-1.0,-1.0
4635,F1,2013-05-26,0.473953065193,0.262219180823,0.263827753984,0.473953065193,-0.0608062930957,A,A,1.87,0.87,0.93
4636,E1,2015-03-07,0.270279074388,0.258284830133,0.471436095479,0.471436095479,-0.00475438071109,H,A,2.1,-1.0,-1.0
4637,F1,2011-11-27,0.374733713593,0.29295491094,0.332311375467,0.374733713593,-0.0472072146766,A,A,2.37,1.37,
4638,I1,2014-05-18,0.142151648286,0.167108144629,0.690740207084,0.690740207084,0.0010850346704,H,H,1.45,0.45,0.46
4639,SC0,2011-05-15,0.035477289396,0.107580576571,0.856942134033,0.856942134033,0.00224127933232,H,H,1.17,0.17,
4640,E0,2010-12-29,0.0600242188285,0.167316826337,0.772658954834,0.772658954834,-0.00253484361513,H,H,1.29,0.29,
4641,I1,2015-04-11,0.434441269548,0.287749039521,0.277809690931,0.434441269548,-0.0221797350185,A,A,2.19,1.19,1.19
4642,SP1,2017-01-14,0.389979396206,0.298176042045,0.311844561749,0.389979396206,-0.0319615320642,A,D,2.37,-1.0,-1.0
4643,E1,2016-11-04,0.316228953326,0.282458372097,0.401312674577,0.401312674577,-0.0353685481305,H,A,2.29,-1.0,-1.0
4644,F1,2015-05-09,0.131059269466,0.259354229075,0.609586501459,0.609586501459,-0.0233248909459,H,H,1.58,0.58,0.58
4645,E1,2015-03-14,0.238053406175,0.278631426339,0.483315167486,0.483315167486,-0.0295053453343,H,D,1.95,-1.0,-1.0
4646,E1,2015-12-15,0.330830395334,0.301430128256,0.36773947641,0.36773947641,-0.0420965891634,H,H,2.44,1.44,1.52
4647,E2,2012-12-08,0.258154482384,0.287576525548,0.454268992068,0.454268992068,-0.0665643412653,H,D,1.92,-1.0,-1.0
4648,SP1,2015-04-30,0.48398901894,0.236803987818,0.279206993242,0.48398901894,-0.0507703393486,A,D,1.87,-1.0,-1.0
4649,SC0,2012-01-02,0.0773322256824,0.200327032201,0.722340742116,0.722340742116,-0.0295389571319,H,H,1.33,0.33,
4650,D1,2015-01-31,0.368821677593,0.283601690064,0.347576632343,0.368821677593,-0.0114064592889,A,H,2.63,-1.0,-1.0
4651,E1,2016-01-02,0.213936609671,0.287927518265,0.498135872064,0.498135872064,-0.0453423888056,H,H,1.84,0.84,0.9
4652,I1,2010-11-20,0.138947164116,0.251813653446,0.609239182438,0.609239182438,-0.0317864585875,H,H,1.56,0.56,
4653,SP1,2010-02-13,0.213161811525,0.271439794506,0.515398393969,0.515398393969,-0.0370877938764,H,H,1.81,0.81,
4654,F1,2012-11-04,0.142309879304,0.214658107716,0.64303201298,0.64303201298,-0.0105627582622,H,H,1.53,0.53,0.59
4655,D1,2013-02-17,0.307192867822,0.27603471423,0.416772417948,0.416772417948,-0.0336780325023,H,A,2.22,-1.0,-1.0
4656,D1,2013-04-13,0.0410424680091,0.130892754619,0.828064777372,0.828064777372,0.00839264622459,H,H,1.22,0.22,0.24
4657,E0,2012-11-04,0.212504396314,0.247292721922,0.540202881763,0.540202881763,-0.00924766768722,H,D,1.82,-1.0,-1.0
4658,E1,2015-04-14,0.276625471443,0.286642252383,0.436732276174,0.436732276174,-0.044036954595,H,D,2.08,-1.0,-1.0
4659,SP1,2012-11-17,0.125410796873,0.211508588923,0.663080614203,0.663080614203,-0.00806032539389,H,H,1.49,0.49,0.51
4660,D1,2015-05-09,0.280178159913,0.260264155347,0.459557684739,0.459557684739,-0.0404423152608,H,D,2.0,-1.0,-1.0
4661,SP1,2009-11-21,0.33778449648,0.283133570939,0.379081932581,0.379081932581,-0.0307541329932,H,H,2.44,1.44,
4662,D1,2011-12-03,0.334646852601,0.27083863588,0.394514511519,0.394514511519,-0.0238955303222,H,D,2.39,-1.0,-1.0
4663,I1,2013-05-19,0.347213417486,0.304191802454,0.34859478006,0.34859478006,-0.0579092849809,H,H,2.46,1.46,1.63
4664,E2,2016-02-27,0.275308115718,0.2818574878,0.442834396482,0.442834396482,-0.024455323144,H,D,2.14,-1.0,-1.0
4665,E0,2013-02-09,0.576508527895,0.232608354742,0.190883117364,0.576508527895,-0.0407754227226,A,H,1.62,-1.0,-1.0
4666,E1,2012-04-10,0.304299881182,0.304554470763,0.391145648055,0.391145648055,-0.0613430397278,H,A,2.21,-1.0,-1.0
4667,F1,2017-02-25,0.258173191972,0.269725011381,0.472101796646,0.472101796646,-0.0133350965574,H,H,2.06,1.06,1.17
4668,E1,2014-02-15,0.279413461771,0.280777041009,0.43980949722,0.43980949722,-0.0210199958678,H,H,2.17,1.17,1.24
4669,E1,2016-04-16,0.429033621538,0.293754290631,0.277212087831,0.429033621538,-0.0360826575318,A,A,2.15,1.15,1.19
4670,I1,2011-01-22,0.122785559994,0.251387357443,0.625827082563,0.625827082563,-0.0235235667873,H,H,1.54,0.54,
4671,SP1,2012-02-11,0.44206078727,0.26772610872,0.290213104011,0.44206078727,-0.0505500501687,A,D,2.03,-1.0,-1.0
4672,E2,2015-03-03,0.228751627386,0.290875187585,0.480373185029,0.480373185029,-0.0543861732596,H,D,1.87,-1.0,-1.0
4673,I1,2015-12-06,0.120122063901,0.213317136567,0.666560799532,0.666560799532,-0.0137113093117,H,H,1.47,0.47,0.48
4674,E1,2015-04-11,0.4858025674,0.261628776205,0.252568656395,0.4858025674,-0.0432979617002,A,A,1.89,0.89,0.96
4675,SP1,2017-02-17,0.372500164147,0.284860240901,0.342639594952,0.372500164147,-0.0212006232545,A,H,2.54,-1.0,-1.0
4676,E0,2012-03-11,0.225019961136,0.270506212688,0.504473826177,0.504473826177,-0.0390044346929,H,D,1.84,-1.0,-1.0
4677,E1,2013-04-13,0.276307334639,0.262660524418,0.461032140944,0.461032140944,-0.00408413812622,H,A,2.15,-1.0,-1.0
4678,E2,2013-01-05,0.338835961491,0.295715674094,0.365448364416,0.365448364416,-0.041055700625,H,D,2.46,-1.0,-1.0
4679,E2,2017-03-21,0.300594074891,0.279873770577,0.419532154532,0.419532154532,-0.0329565332505,H,H,2.21,1.21,1.27
4680,E0,2016-04-20,0.129944349654,0.216666160634,0.653389489711,0.653389489711,-0.000205281530386,H,H,1.53,0.53,0.54
4681,F1,2010-02-13,0.228786255866,0.288147585655,0.483066158479,0.483066158479,-0.0219843465716,H,H,1.98,0.98,
4682,E0,2016-04-10,0.15616836593,0.223105824467,0.620725809603,0.620725809603,-0.00820500800706,H,H,1.59,0.59,0.61
4683,E2,2009-12-12,0.30265706817,0.292819077241,0.40452385459,0.40452385459,-0.0419047168388,H,H,2.24,1.24,
4684,SP1,2009-12-13,0.189762233035,0.243862057694,0.566375709271,0.566375709271,-0.00505286215763,H,H,1.75,0.75,
4685,SC0,2014-05-07,0.370588094975,0.276973554564,0.352438350462,0.370588094975,-0.0200369050252,A,A,2.56,1.56,1.65
4686,D1,2012-11-28,0.71757209271,0.172965377274,0.109462530016,0.71757209271,-0.0177220249368,A,A,1.36,0.36,0.39
4687,F1,2014-04-23,0.0324180061506,0.133993539701,0.833588454149,0.833588454149,0.00714217315692,H,H,1.21,0.21,0.23
4688,SP1,2016-03-19,0.210627230548,0.26443914255,0.524933626902,0.524933626902,-0.00416690219872,H,H,1.89,0.89,0.91
4689,SP1,2014-03-25,0.48444713561,0.277117953521,0.238434910868,0.48444713561,-0.0336875794155,A,D,1.93,-1.0,-1.0
4690,I1,2014-01-06,0.338427446558,0.303562272194,0.358010281248,0.358010281248,-0.0452155252034,H,H,2.48,1.48,1.52
4691,SP1,2013-12-15,0.350369265809,0.299003449376,0.350627284815,0.350627284815,-0.0281605939731,H,D,2.64,-1.0,-1.0
4692,SP1,2015-11-21,0.29262002407,0.298496531878,0.408883444052,0.408883444052,-0.0130574842177,H,H,2.37,1.37,1.41
4693,I1,2016-01-09,0.198464032549,0.251885174473,0.549650792977,0.549650792977,0.000200243526896,H,A,1.82,-1.0,-1.0
4694,F1,2010-12-04,0.179984010132,0.278321424307,0.541694565561,0.541694565561,-0.0397007832763,H,H,1.72,0.72,
4695,E0,2016-12-14,0.236545387608,0.250772229632,0.51268238276,0.51268238276,0.0224863043289,H,H,2.04,1.04,1.06
4696,F1,2010-12-12,0.242979469063,0.298427465864,0.458593065073,0.458593065073,-0.0268438281311,H,D,2.06,-1.0,-1.0
4697,E1,2013-11-09,0.313673604229,0.290084366581,0.39624202919,0.39624202919,-0.0404391935174,H,A,2.29,-1.0,-1.0
4698,SC0,2011-02-19,0.201630751349,0.274613801283,0.523755447367,0.523755447367,-0.0476731240612,H,H,1.75,0.75,
4699,E1,2016-02-23,0.390234833073,0.28584895771,0.323916209217,0.390234833073,-0.0426655998271,A,A,2.31,1.31,1.31
4700,F1,2010-03-20,0.343353324134,0.293208569523,0.363438106343,0.363438106343,-0.00152539730673,H,D,2.74,-1.0,-1.0
4701,I1,2017-01-15,0.252752962772,0.299769606772,0.447477430456,0.447477430456,-0.0601367827419,H,H,1.97,0.97,1.04
4702,E2,2011-03-19,0.346482224693,0.27689839513,0.376619380177,0.376619380177,-0.0282389194184,H,H,2.47,1.47,
4703,D1,2013-02-02,0.0829965974682,0.180693939955,0.736309462577,0.736309462577,-0.00995919413987,H,A,1.34,-1.0,-1.0
4704,I1,2013-01-19,0.100134483233,0.212387187847,0.68747832892,0.68747832892,-0.0167470231927,H,H,1.42,0.42,0.47
4705,SP1,2014-03-16,0.125610237738,0.194535893252,0.67985386901,0.67985386901,-0.0145905754345,H,H,1.44,0.44,0.47
4706,SC0,2012-11-03,0.520809057717,0.267680193614,0.211510748669,0.520809057717,-0.0539035859609,A,H,1.74,-1.0,-1.0
4707,SP1,2015-03-21,0.417118546499,0.271146672784,0.311734780718,0.417118546499,-0.0395024580674,A,A,2.19,1.19,1.29
4708,E2,2014-04-18,0.391335409158,0.283394658298,0.325269932544,0.391335409158,-0.0491932252032,A,H,2.27,-1.0,-1.0
4709,SP1,2017-03-11,0.224564867221,0.286776748802,0.488658383977,0.488658383977,-0.0113416160228,H,A,2.0,-1.0,-1.0
4710,SC0,2017-05-17,0.327101179545,0.261781187602,0.411117632853,0.411117632853,-0.00554903381374,H,H,2.4,1.4,1.53
4711,E1,2014-04-08,0.175072890009,0.258693579583,0.566233530408,0.566233530408,-0.0435225671529,H,A,1.64,-1.0,-1.0
4712,I1,2010-01-10,0.283481837073,0.300929903136,0.415588259791,0.415588259791,-0.0348621906592,H,D,2.22,-1.0,-1.0
4713,SP1,2017-01-15,0.255849658746,0.279968520972,0.464181820282,0.464181820282,-0.0333306175286,H,D,2.01,-1.0,-1.0
4714,E1,2013-03-09,0.223997130392,0.250747489667,0.525255379941,0.525255379941,-0.00665951367639,H,D,1.88,-1.0,-1.0
4715,E1,2009-11-07,0.182774493739,0.245514453715,0.571711052546,0.571711052546,-0.00968429629123,H,H,1.72,0.72,
4716,E2,2015-11-21,0.201746467365,0.262566212732,0.535687319903,0.535687319903,-0.0357412515253,H,H,1.75,0.75,0.81
4717,SP1,2015-05-10,0.390297767877,0.263641972153,0.34606025997,0.390297767877,-0.0229253726193,A,D,2.42,-1.0,-1.0
4718,E2,2010-11-13,0.396232018964,0.289609147959,0.314158833077,0.396232018964,-0.0348024637942,A,H,2.32,-1.0,-1.0
4719,D1,2017-04-01,0.475068566789,0.257441948981,0.26748948423,0.475068566789,-0.0274439960247,A,D,1.99,-1.0,-1.0
4720,E2,2010-05-01,0.424452463195,0.280125791042,0.295421745763,0.424452463195,-0.0428372564311,A,D,2.14,-1.0,-1.0
4721,D1,2014-11-01,0.467563774201,0.256297535364,0.276138690435,0.467563774201,-0.0274857307498,A,H,2.02,-1.0,-1.0
4722,D1,2014-02-15,0.0032131192003,0.0355281540244,0.961258726775,0.961258726775,0.0438275341147,H,H,1.09,0.09,0.1
4723,D1,2015-02-28,0.378851395715,0.286932199193,0.334216405091,0.378851395715,-0.0195549787868,A,H,2.51,-1.0,-1.0
4724,F1,2012-05-07,0.180611094679,0.269164016544,0.550224888777,0.550224888777,-0.0380104053409,H,D,1.7,-1.0,-1.0
4725,E1,2011-02-01,0.426948818464,0.290482055074,0.282569126462,0.426948818464,-0.0403409011622,A,A,2.14,1.14,
4726,D1,2012-02-04,0.171944808003,0.220727459095,0.607327732902,0.607327732902,0.00491809434776,H,D,1.66,-1.0,-1.0
4727,E1,2015-04-04,0.361469035224,0.297427237046,0.34110372773,0.361469035224,-0.0246313508761,A,A,2.59,1.59,1.68
4728,F1,2014-01-18,0.216284073798,0.287320472487,0.496395453715,0.496395453715,-0.0441450868253,H,D,1.85,-1.0,-1.0
4729,I1,2016-02-28,0.310707675162,0.319493036153,0.369799288685,0.369799288685,-0.0486107531559,H,D,2.39,-1.0,-1.0
4730,E2,2013-12-07,0.286886896034,0.286915073548,0.426198030418,0.426198030418,-0.0477356188714,H,H,2.11,1.11,1.16
4731,E1,2013-11-09,0.314519306249,0.303750785949,0.381729907802,0.381729907802,-0.0568665834261,H,A,2.28,-1.0,-1.0
4732,SP1,2014-01-18,0.777134034459,0.111606588265,0.111259377276,0.777134034459,-0.0041159655407,A,A,1.28,0.28,0.3
4733,SP1,2016-03-18,0.258558080875,0.284545174103,0.456896745022,0.456896745022,-0.0125868230527,H,D,2.13,-1.0,-1.0
4734,E1,2010-01-16,0.278313527103,0.279925999956,0.441760472941,0.441760472941,-0.0344300032497,H,H,2.1,1.1,
4735,E2,2009-12-05,0.269648429901,0.26593914741,0.464412422689,0.464412422689,-0.0117780535012,H,D,2.1,-1.0,-1.0
4736,F1,2010-12-22,0.373558934514,0.315093267079,0.311347798408,0.373558934514,-0.0431077321531,A,H,2.4,-1.0,-1.0
4737,F1,2015-04-28,0.0268315577332,0.0723944937371,0.90077394853,0.90077394853,0.0312087311383,H,H,1.15,0.15,0.17
4738,E1,2010-03-20,0.118267427594,0.233823659124,0.647908913282,0.647908913282,-0.0323631955614,H,H,1.47,0.47,
4739,E2,2011-04-25,0.36943512044,0.289316589955,0.341248289606,0.36943512044,-0.0289712540624,A,H,2.51,-1.0,-1.0
4740,SP1,2012-03-17,0.708103078995,0.164673216558,0.127223704447,0.708103078995,-0.0218239283043,A,A,1.37,0.37,
4741,I1,2009-11-22,0.122782038966,0.265945534626,0.611272426407,0.611272426407,-0.0644032492682,H,H,1.48,0.48,
4742,F1,2010-02-21,0.421739319355,0.300589488339,0.277671192306,0.421739319355,-0.0521943299341,A,A,2.11,1.11,
4743,E2,2010-04-10,0.352546846741,0.298093531827,0.349359621433,0.352546846741,-0.041153940661,A,H,2.54,-1.0,-1.0
4744,SC0,2016-04-02,0.312722362226,0.280542029516,0.406735608258,0.406735608258,-0.0498853963084,H,A,2.19,-1.0,-1.0
4745,E1,2015-01-17,0.433940080357,0.293141493874,0.272918425769,0.433940080357,-0.0311761987127,A,A,2.15,1.15,1.22
4746,F1,2014-04-05,0.34740803503,0.316474273074,0.336117691896,0.34740803503,-0.0110149040379,A,A,2.79,1.79,1.85
4747,E0,2011-05-15,0.286289919433,0.296741589305,0.416968491262,0.416968491262,-0.0396525133045,H,A,2.19,-1.0,-1.0
4748,E0,2010-01-26,0.532780175652,0.275745268059,0.191474556289,0.532780175652,-0.0589358006797,A,D,1.69,-1.0,-1.0
4749,I1,2012-01-07,0.0838277225274,0.228791771185,0.687380506288,0.687380506288,-0.021839351868,H,H,1.41,0.41,
4750,E1,2017-02-10,0.20922238517,0.256530478747,0.534247136084,0.534247136084,-0.0213084194717,H,H,1.8,0.8,0.83
4751,F1,2012-03-10,0.27060067389,0.287056057974,0.442343268135,0.442343268135,-0.0184862249521,H,A,2.17,-1.0,-1.0
4752,I1,2015-04-12,0.228934306211,0.262821152603,0.508244541185,0.508244541185,0.00319403613494,H,D,1.98,-1.0,-1.0
4753,SP1,2011-04-16,0.378345103091,0.289960714476,0.331694182433,0.378345103091,-0.0331775306538,A,H,2.43,-1.0,-1.0
4754,E0,2015-11-28,0.379225340868,0.310298450125,0.310476209007,0.379225340868,-0.0357124184685,A,H,2.41,-1.0,-1.0
4755,I1,2017-02-12,0.0719525622015,0.192044739053,0.736002698746,0.736002698746,0.000708581098537,H,H,1.36,0.36,0.37
4756,I1,2014-03-23,0.108567808551,0.234161793811,0.657270397638,0.657270397638,-0.0184052780381,H,A,1.48,-1.0,-1.0
4757,E0,2010-04-03,0.0375640932511,0.149205436511,0.813230470238,0.813230470238,-0.00644166090952,H,H,1.22,0.22,
4758,E0,2017-01-03,0.207567721218,0.268134902102,0.524297376679,0.524297376679,-0.0343618411977,H,A,1.79,-1.0,-1.0
4759,E2,2015-03-10,0.38139020679,0.291099674971,0.327510118238,0.38139020679,-0.0301324269545,A,D,2.43,-1.0,-1.0
4760,E2,2017-01-02,0.399171256171,0.28509510356,0.315733640268,0.399171256171,-0.0318632265874,A,A,2.32,1.32,1.32
4761,E1,2014-04-08,0.190177270394,0.251664352022,0.558158377584,0.558158377584,-0.00681337382846,H,A,1.77,-1.0,-1.0
4762,E2,2017-03-11,0.398715798231,0.275226835276,0.326057366493,0.398715798231,-0.0360668104648,A,H,2.3,-1.0,-1.0
4763,F1,2011-11-19,0.376522137029,0.315769040548,0.307708822423,0.376522137029,-0.0384156223066,A,H,2.41,-1.0,-1.0
4764,I1,2013-04-06,0.0149925439054,0.0670198483549,0.91798760774,0.91798760774,0.0330318555273,H,H,1.13,0.13,0.14
4765,E1,2013-02-16,0.233094709912,0.252578282504,0.514327007584,0.514327007584,-0.00113690994167,H,D,1.94,-1.0,-1.0
4766,I1,2016-01-24,0.142336837253,0.242281894659,0.615381268088,0.615381268088,-0.00190268252922,H,H,1.62,0.62,0.63
4767,I1,2014-03-30,0.289679802704,0.319407140258,0.390913057038,0.390913057038,-0.0742032220319,H,H,2.15,1.15,1.16
4768,F1,2016-05-11,0.60068020306,0.211817207929,0.187502589011,0.60068020306,-0.0403454379656,A,D,1.56,-1.0,-1.0
4769,SC0,2013-12-14,0.378734888813,0.297037532434,0.324227578753,0.378734888813,-0.0362028705235,A,A,2.41,1.41,1.49
4770,I1,2010-11-28,0.33397045545,0.301340726765,0.364688817785,0.364688817785,-0.0244162405809,H,H,2.57,1.57,
4771,E2,2014-04-02,0.168947459521,0.236076700088,0.594975840391,0.594975840391,-0.026142172031,H,H,1.61,0.61,0.62
4772,I1,2014-05-11,0.431935878882,0.271835141578,0.29622897954,0.431935878882,-0.0353538407445,A,A,2.14,1.14,1.2
4773,E2,2013-12-26,0.417888260471,0.290828733439,0.29128300609,0.417888260471,-0.0366571940746,A,A,2.2,1.2,1.25
4774,D1,2017-04-28,0.293413743412,0.288380578622,0.418205677966,0.418205677966,-0.0534924352415,H,A,2.12,-1.0,-1.0
4775,F1,2013-04-07,0.116869293491,0.230609577838,0.652521128671,0.652521128671,-0.0231545470047,H,H,1.48,0.48,0.52
4776,E1,2012-03-31,0.364690737144,0.285320327046,0.34998893581,0.364690737144,-0.0401675624515,A,H,2.47,-1.0,-1.0
4777,I1,2017-01-29,0.536771566894,0.237786554581,0.225441878525,0.536771566894,-0.0346570045345,A,H,1.75,-1.0,-1.0
4778,E2,2012-01-28,0.359923034835,0.298396240801,0.341680724364,0.359923034835,-0.0384833396674,A,H,2.51,-1.0,-1.0
4779,E2,2015-01-17,0.340234283501,0.257920725937,0.401844990562,0.401844990562,0.00814420316071,H,H,2.54,1.54,1.73
4780,E2,2014-12-20,0.441841959289,0.280527251805,0.277630788905,0.441841959289,-0.0298561539183,A,A,2.12,1.12,1.13
4781,SC0,2014-11-08,0.342973313449,0.269506847752,0.387519838798,0.387519838798,-0.0240027949467,H,A,2.43,-1.0,-1.0
4782,F1,2017-05-06,0.29174612377,0.288624996124,0.419628880106,0.419628880106,-0.0390867162243,H,A,2.18,-1.0,-1.0
4783,I1,2016-02-06,0.345492431555,0.305769087358,0.348738481086,0.348738481086,-0.0329409082266,H,D,2.62,-1.0,-1.0
4784,F1,2011-02-20,0.295807864216,0.29087620821,0.413315927574,0.413315927574,-0.00685213965334,H,A,2.38,-1.0,-1.0
4785,I1,2011-02-13,0.19556963419,0.300834687217,0.503595678593,0.503595678593,-0.0582020742158,H,H,1.78,0.78,
4786,I1,2010-05-15,0.254647060652,0.294666359402,0.450686579947,0.450686579947,-0.0543639251038,H,H,1.98,0.98,
4787,E1,2016-01-23,0.283391886374,0.288880565994,0.427727547632,0.427727547632,-0.0268179069137,H,D,2.2,-1.0,-1.0
4788,E1,2015-02-10,0.316705249647,0.272304931886,0.410989818467,0.410989818467,-0.00917824876017,H,H,2.38,1.38,1.45
4789,F1,2015-05-23,0.406445359297,0.286373346052,0.307181294651,0.406445359297,-0.0302358634105,A,A,2.29,1.29,1.37
4790,SC0,2011-11-05,0.208297136333,0.273334434744,0.518368428923,0.518368428923,-0.0530601425057,H,A,1.75,-1.0,-1.0
4791,E1,2013-11-30,0.142459739812,0.221302250399,0.636238009788,0.636238009788,-0.0349029298089,H,A,1.49,-1.0,-1.0
4792,SP1,2017-01-30,0.332898240801,0.247757366975,0.419344392224,0.419344392224,0.0209380177218,H,H,2.51,1.51,1.59
4793,E1,2013-12-26,0.20661113552,0.258570058381,0.5348188061,0.5348188061,-0.0146317433509,H,H,1.82,0.82,0.89
4794,SC0,2014-01-18,0.3180713293,0.290103822732,0.391824847968,0.391824847968,-0.0448563747397,H,D,2.29,-1.0,-1.0
4795,D1,2011-12-18,0.304161772418,0.270303023194,0.425535204387,0.425535204387,-0.013061286841,H,D,2.28,-1.0,-1.0
4796,F1,2011-01-19,0.0960149932701,0.223001293516,0.680983713214,0.680983713214,-0.0282361449424,H,H,1.41,0.41,
4797,I1,2012-11-11,0.307914554575,0.303912446605,0.388172998821,0.388172998821,-0.0337679294493,H,D,2.37,-1.0,-1.0
4798,I1,2013-02-25,0.047737299702,0.167849234735,0.784413465563,0.784413465563,-0.0155865344367,H,H,1.25,0.25,0.27
4799,F1,2016-02-27,0.245555769731,0.294226111466,0.460218118803,0.460218118803,-0.0114799944044,H,D,2.12,-1.0,-1.0
4800,E2,2012-02-04,0.275615347333,0.298989205289,0.425395447377,0.425395447377,-0.067215390061,H,D,2.03,-1.0,-1.0
4801,E1,2011-02-15,0.333780003802,0.272472546456,0.393747449741,0.393747449741,-0.0127566152994,H,A,2.46,-1.0,-1.0
4802,SC0,2011-05-07,0.278330432398,0.278928690021,0.442740877582,0.442740877582,-0.0380283531874,H,H,2.08,1.08,
4803,E1,2017-03-18,0.138517514525,0.185274418412,0.676208067064,0.676208067064,-0.00406404178001,H,H,1.47,0.47,0.5
4804,SP1,2017-01-07,0.32546966921,0.301516513538,0.373013817252,0.373013817252,-0.0617687914438,H,A,2.3,-1.0,-1.0
4805,E1,2016-02-29,0.21116700083,0.275848050384,0.512984948786,0.512984948786,-0.0334631386456,H,H,1.83,0.83,0.84
4806,E2,2010-12-28,0.304433626335,0.252657569995,0.442908803671,0.442908803671,-0.00351976775804,H,D,2.24,-1.0,-1.0
4807,F1,2016-04-09,0.193370243736,0.288374955836,0.518254800428,0.518254800428,-0.046716950984,H,H,1.77,0.77,0.8
4808,E2,2017-04-01,0.202767589286,0.261451135441,0.535781275273,0.535781275273,-0.0167049125724,H,H,1.81,0.81,0.84
4809,F1,2014-05-17,0.515669600547,0.257235658282,0.227094741171,0.515669600547,-0.0493021508653,A,A,1.77,0.77,0.79
4810,E1,2016-01-13,0.173133050204,0.253257553474,0.573609396322,0.573609396322,-0.00778595251523,H,H,1.72,0.72,0.75
4811,E0,2011-02-12,0.421820771568,0.265288665834,0.312890562599,0.421820771568,-0.0368948247628,A,D,2.18,-1.0,-1.0
4812,F1,2010-03-20,0.330514339317,0.300918036269,0.368567624414,0.368567624414,-0.0145741380385,H,H,2.61,1.61,
4813,SC0,2016-01-02,0.532384001315,0.241886812523,0.225729186162,0.532384001315,-0.0456506807656,A,D,1.73,-1.0,-1.0
4814,E1,2013-12-07,0.358151600994,0.307408993183,0.334439405824,0.358151600994,-0.0340052617516,A,H,2.55,-1.0,-1.0
4815,E1,2014-12-13,0.299527841551,0.289917676361,0.410554482088,0.410554482088,-0.0439909724577,H,H,2.2,1.2,1.17
4816,E2,2013-02-23,0.163325427085,0.237253841954,0.599420730962,0.599420730962,-0.0103353665994,H,D,1.64,-1.0,-1.0
4817,I1,2016-04-10,0.379258143662,0.302341959214,0.318399897123,0.379258143662,-0.0356796156737,A,H,2.41,-1.0,-1.0
4818,E2,2015-04-21,0.112997460448,0.18698008002,0.700022459531,0.700022459531,-0.0142632547544,H,H,1.4,0.4,0.42
4819,E1,2014-03-08,0.420401291783,0.281641430922,0.297957277295,0.420401291783,-0.0383143045474,A,H,2.18,-1.0,-1.0
4820,I1,2016-11-19,0.537111120615,0.251371099956,0.211517779429,0.537111120615,-0.0278606307975,A,A,1.77,0.77,0.78
4821,I1,2016-03-20,0.266028829903,0.291219840197,0.442751329899,0.442751329899,-0.024538389727,H,A,2.14,-1.0,-1.0
4822,SP1,2015-04-26,0.18729666353,0.256194842879,0.556508493591,0.556508493591,-0.0248868552462,H,D,1.72,-1.0,-1.0
4823,E1,2010-04-24,0.376189845327,0.261255602623,0.36255455205,0.376189845327,-0.0529947040297,A,H,2.33,-1.0,-1.0
4824,E0,2016-11-06,0.190806254978,0.265729288075,0.543464456947,0.543464456947,-0.018333295862,H,A,1.78,-1.0,-1.0
4825,I1,2016-12-18,0.133047292608,0.187906131594,0.679046575798,0.679046575798,0.003370900122,H,H,1.48,0.48,0.49
4826,SP1,2010-04-04,0.134041802758,0.251492507685,0.614465689557,0.614465689557,-0.0265599514687,H,H,1.56,0.56,
4827,E0,2014-05-07,0.221521960994,0.313547957162,0.464930081844,0.464930081844,-0.0228747962047,H,H,2.05,1.05,1.14
4828,F1,2011-05-15,0.239221904349,0.301925831474,0.458852264177,0.458852264177,-0.0539682486434,H,H,1.95,0.95,
4829,SP1,2011-12-11,0.0951317635797,0.200047260466,0.704820975954,0.704820975954,-0.0146034844777,H,D,1.39,-1.0,-1.0
4830,F1,2014-05-04,0.230942065506,0.277049382889,0.492008551605,0.492008551605,-0.0343072378688,H,H,1.9,0.9,0.92
4831,F1,2017-01-21,0.256448890954,0.313341857717,0.430209251329,0.430209251329,-0.0482596481929,H,H,2.09,1.09,1.11
4832,E2,2015-02-14,0.533220143314,0.243622543152,0.223157313534,0.533220143314,-0.0481752055232,A,H,1.72,-1.0,-1.0
4833,E2,2014-02-22,0.474204889138,0.276627880217,0.249167230645,0.474204889138,-0.0521109003355,A,A,1.9,0.9,0.98
4834,D1,2014-03-30,0.238464986264,0.265694110278,0.495840903458,0.495840903458,-0.0360739901585,H,A,1.88,-1.0,-1.0
4835,F1,2016-11-19,0.323108655842,0.270596171133,0.406295173024,0.406295173024,0.0426588093878,H,D,2.75,-1.0,-1.0
4836,F1,2010-05-15,0.280743141831,0.293490414377,0.425766443792,0.425766443792,-0.0393498352775,H,D,2.15,-1.0,-1.0
4837,E2,2011-01-01,0.343863785916,0.311348293572,0.344787920512,0.344787920512,-0.0617161445287,H,D,2.46,-1.0,-1.0
4838,E1,2015-11-03,0.264525968664,0.257517337646,0.47795669369,0.47795669369,0.00402304440101,H,H,2.11,1.11,1.2
4839,E2,2017-04-25,0.298638195608,0.262393404049,0.438968400343,0.438968400343,-0.0176526042233,H,A,2.19,-1.0,-1.0
4840,D1,2016-12-09,0.325123705364,0.293628679887,0.38124761475,0.38124761475,-0.0285884508239,H,D,2.44,-1.0,-1.0
4841,SC0,2014-03-25,0.511813861957,0.26397666401,0.224209474033,0.511813861957,-0.0437416935984,A,D,1.8,-1.0,-1.0
4842,E1,2014-03-11,0.304010713943,0.265920483713,0.430068802344,0.430068802344,0.00633998878425,H,D,2.36,-1.0,-1.0
4843,E1,2016-01-30,0.322676675092,0.281401025052,0.395922299856,0.395922299856,-0.01901545948,H,D,2.41,-1.0,-1.0
4844,SC0,2013-05-18,0.226416594734,0.268650505291,0.504932899975,0.504932899975,-0.0445176494754,H,H,1.82,0.82,0.9
4845,E0,2014-12-03,0.128462982238,0.224460428317,0.647076589445,0.647076589445,-0.0151750661845,H,D,1.51,-1.0,-1.0
4846,E0,2016-01-23,0.252262697957,0.272208817102,0.475528484941,0.475528484941,-0.0122763931076,H,H,2.05,1.05,1.07
4847,F1,2015-05-16,0.481255850682,0.267972391011,0.250771758306,0.481255850682,-0.0450599387913,A,A,1.9,0.9,0.94
4848,E1,2014-01-18,0.27657357637,0.254265480597,0.469160943033,0.469160943033,0.0125399384666,H,H,2.19,1.19,1.32
4849,E2,2010-11-13,0.307861494435,0.29444075024,0.397697755325,0.397697755325,-0.0527526951252,H,A,2.22,-1.0,-1.0
4850,E0,2013-01-30,0.054662954418,0.108430005337,0.836907040245,0.836907040245,0.017234909097,H,H,1.22,0.22,0.25
4851,D1,2013-03-09,0.449477006709,0.276860283909,0.273662709382,0.449477006709,-0.0431338307295,A,H,2.03,-1.0,-1.0
4852,D1,2011-03-19,0.250493034234,0.258407330744,0.491099635022,0.491099635022,-0.00890036497848,H,H,2.0,1.0,
4853,D1,2013-04-06,0.176526400102,0.236482923742,0.586990676156,0.586990676156,-0.0302932744612,H,H,1.62,0.62,0.66
4854,D1,2011-01-29,0.30525488675,0.279973182235,0.414771931015,0.414771931015,-0.0257567033461,H,H,2.27,1.27,
4855,E2,2017-01-02,0.396415360848,0.284888204576,0.318696434576,0.396415360848,-0.0327691885081,A,A,2.33,1.33,1.39
4856,E1,2009-12-12,0.20888361221,0.282596672245,0.508519715545,0.508519715545,-0.0695149665358,H,H,1.73,0.73,
4857,SC0,2011-05-07,0.29713254946,0.286813900188,0.416053550352,0.416053550352,-0.0384919041938,H,A,2.2,-1.0,-1.0
4858,E1,2017-01-21,0.341145689156,0.297893386559,0.360960924284,0.360960924284,-0.0236544603311,H,H,2.6,1.6,1.67
4859,E2,2011-04-12,0.463359186913,0.277813181343,0.258827631745,0.463359186913,-0.0366408130875,A,H,2.0,-1.0,-1.0
4860,E0,2016-04-21,0.0427334140023,0.151751432943,0.805515153055,0.805515153055,0.0055151530549,H,H,1.25,0.25,0.25
4861,F1,2012-01-28,0.447138323089,0.299916284377,0.252945392534,0.447138323089,-0.0528616769106,A,A,2.0,1.0,
4862,SC0,2011-12-03,0.272764100952,0.272176419944,0.455059479104,0.455059479104,-0.0303774140999,H,A,2.06,-1.0,-1.0
4863,D1,2010-01-24,0.144198439846,0.245056455294,0.610745104861,0.610745104861,-0.0471496319815,H,A,1.52,-1.0,-1.0
4864,E0,2012-12-23,0.554511501332,0.24815288572,0.197335612948,0.554511501332,-0.0515491047285,A,D,1.65,-1.0,-1.0
4865,E1,2012-11-17,0.233649807248,0.238927161975,0.527423030777,0.527423030777,0.00928831575112,H,H,1.93,0.93,0.97
4866,I1,2015-03-01,0.257494898148,0.27162893687,0.470876164983,0.470876164983,-0.0266362728284,H,A,2.01,-1.0,-1.0
4867,I1,2013-03-30,0.239877860243,0.285668890748,0.47445324901,0.47445324901,-0.0230591888013,H,H,2.01,1.01,1.05
4868,I1,2015-02-01,0.638746217621,0.221865813041,0.139387969338,0.638746217621,-0.0235054380082,A,H,1.51,-1.0,-1.0
4869,F1,2011-04-24,0.395119548297,0.286790361968,0.318090089735,0.395119548297,-0.0454090860643,A,D,2.27,-1.0,-1.0
4870,E1,2009-12-08,0.29804128146,0.297458508573,0.404500209967,0.404500209967,-0.0419283614618,H,D,2.24,-1.0,-1.0
4871,SC0,2013-01-19,0.347743001516,0.277443277635,0.374813720849,0.374813720849,-0.0300445787457,H,H,2.47,1.47,1.6
4872,I1,2014-12-14,0.239973480216,0.270119467164,0.48990705262,0.48990705262,-0.0229134602007,H,A,1.95,-1.0,-1.0
4873,F1,2014-01-12,0.434989799373,0.289501886104,0.275508314523,0.434989799373,-0.0322999202527,A,A,2.14,1.14,1.2
4874,F1,2009-11-08,0.342434138949,0.317539006322,0.340026854729,0.342434138949,-0.0307001894096,A,H,2.68,-1.0,-1.0
4875,F1,2014-03-29,0.32872487472,0.322124833577,0.349150291703,0.349150291703,-0.0414747082972,H,D,2.56,-1.0,-1.0
4876,F1,2012-03-17,0.0983905753383,0.217609918759,0.683999505902,0.683999505902,-0.0252203522538,H,A,1.41,-1.0,-1.0
4877,SC0,2009-12-19,0.0600899577373,0.162302379317,0.777607662945,0.777607662945,-0.0223923370548,H,H,1.25,0.25,
4878,SC0,2010-01-16,0.329907330109,0.288473340159,0.381619329732,0.381619329732,-0.0350473369344,H,A,2.4,-1.0,-1.0
4879,I1,2010-01-06,0.16235119866,0.281566677428,0.556082123912,0.556082123912,-0.035633852419,H,H,1.69,0.69,
4880,E0,2012-11-17,0.653829914305,0.195627138012,0.150542947683,0.653829914305,-0.0358252581093,A,H,1.45,-1.0,-1.0
4881,SC0,2013-04-21,0.297114934959,0.28136601254,0.421519052501,0.421519052501,-0.0289313979498,H,D,2.22,-1.0,-1.0
4882,D1,2017-02-03,0.413027786673,0.28988745438,0.297084758947,0.413027786673,-0.0180066960853,A,H,2.32,-1.0,-1.0
4883,E2,2013-03-02,0.216943917046,0.280075257438,0.502980825516,0.502980825516,-0.0619909258963,H,H,1.77,0.77,0.87
4884,E2,2014-03-04,0.278855929171,0.289869329318,0.431274741511,0.431274741511,-0.0541621516929,H,D,2.06,-1.0,-1.0
4885,E0,2010-02-06,0.295257131495,0.293456820303,0.411286048202,0.411286048202,-0.0351425232268,H,H,2.24,1.24,
4886,E2,2013-12-14,0.444292839143,0.256157318064,0.299549842793,0.444292839143,-0.0607576659073,A,D,1.98,-1.0,-1.0
4887,E2,2011-02-12,0.335449414823,0.249485858918,0.415064726259,0.415064726259,0.0259596678935,H,H,2.57,1.57,
4888,SC0,2013-02-27,0.474061026011,0.277144362821,0.248794611168,0.474061026011,-0.0467723073224,A,D,1.92,-1.0,-1.0
4889,D1,2009-12-12,0.658446182003,0.213767192266,0.127786625731,0.658446182003,-0.0408545172976,A,A,1.43,0.43,
4890,E1,2014-01-11,0.351352697017,0.284410674882,0.364236628101,0.364236628101,-0.00476706193588,H,D,2.71,-1.0,-1.0
4891,I1,2011-11-20,0.236180797489,0.297658461497,0.466160741014,0.466160741014,-0.051973974012,H,A,1.93,-1.0,-1.0
4892,E2,2017-02-28,0.243018239537,0.277956938154,0.479024822309,0.479024822309,-0.0285893908887,H,A,1.97,-1.0,-1.0
4893,F1,2012-02-11,0.19171154307,0.293379291447,0.514909165483,0.514909165483,-0.0285690953864,H,H,1.84,0.84,
4894,D1,2016-12-17,0.181632730289,0.222246521709,0.596120748002,0.596120748002,-0.00268164720784,H,D,1.67,-1.0,-1.0
4895,E2,2017-02-14,0.240410246708,0.261369832222,0.49821992107,0.49821992107,-0.0336949725467,H,H,1.88,0.88,0.93
4896,F1,2017-01-20,0.352971480776,0.295126537103,0.351901982121,0.352971480776,-0.0486349449266,A,D,2.49,-1.0,-1.0
4897,E2,2015-04-25,0.203271505919,0.252874528531,0.54385396555,0.54385396555,-0.034180716531,H,H,1.73,0.73,0.76
4898,I1,2015-04-04,0.220052173319,0.271821793604,0.508126033077,0.508126033077,-0.0295083755253,H,D,1.86,-1.0,-1.0
4899,I1,2016-01-17,0.310376909084,0.316058834907,0.373564256009,0.373564256009,-0.0264357439908,H,D,2.5,-1.0,-1.0
4900,SC0,2013-05-18,0.290013803106,0.27893447428,0.431051722614,0.431051722614,-0.0234937319313,H,D,2.2,-1.0,-1.0
4901,SC0,2012-01-21,0.161574256332,0.242687544365,0.595738199303,0.595738199303,-0.0371731931021,H,A,1.58,-1.0,-1.0
4902,I1,2013-05-08,0.562678984654,0.248686691139,0.188634324207,0.562678984654,-0.0546049659634,A,A,1.62,0.62,0.671
4903,E0,2017-01-04,0.340411345822,0.248650985007,0.410937669171,0.410937669171,0.0512254389552,H,H,2.78,1.78,1.77
4904,E1,2010-12-26,0.279084147464,0.298339828521,0.422576024015,0.422576024015,-0.0676200544159,H,D,2.04,-1.0,-1.0
4905,F1,2012-12-01,0.202464086835,0.270189371512,0.527346541653,0.527346541653,-0.0191015457786,H,H,1.83,0.83,0.93
4906,E2,2011-02-25,0.299835266106,0.282844743275,0.417319990619,0.417319990619,-0.0413956057111,H,H,2.18,1.18,
4907,E2,2010-01-26,0.301482684181,0.290767222679,0.407750093141,0.407750093141,-0.0639480200669,H,H,2.12,1.12,
4908,E0,2011-12-31,0.342806562472,0.277044926004,0.380148511523,0.380148511523,-0.0120083512217,H,D,2.55,-1.0,-1.0
4909,I1,2016-02-03,0.390660934797,0.303268774651,0.306070290552,0.390660934797,-0.0277491070438,A,H,2.39,-1.0,-1.0
4910,E1,2012-01-21,0.20245398069,0.262446070552,0.535099948758,0.535099948758,-0.0143506006926,H,H,1.82,0.82,
4911,SP1,2010-05-04,0.140940340445,0.246432276689,0.612627382866,0.612627382866,-0.0283982581592,H,D,1.56,-1.0,-1.0
4912,SP1,2013-05-18,0.236577021662,0.281003675829,0.482419302509,0.482419302509,0.00395040298726,H,H,2.09,1.09,1.15
4913,I1,2011-01-30,0.131943273147,0.246062471421,0.621994255432,0.621994255432,-0.0190313855935,H,H,1.56,0.56,
4914,D1,2014-12-17,0.431507494012,0.244586604319,0.323905901669,0.431507494012,-0.0314554689514,A,A,2.16,1.16,1.22
4915,E2,2011-03-19,0.342383227231,0.293675525541,0.363941247228,0.363941247228,-0.029759540174,H,H,2.54,1.54,
4916,E0,2016-03-01,0.356607903676,0.29733515482,0.346056941504,0.356607903676,-0.0236202332066,A,H,2.63,-1.0,-1.0
4917,I1,2010-11-27,0.157186107928,0.250537273431,0.592276618641,0.592276618641,-0.0137839874196,H,D,1.65,-1.0,-1.0
4918,I1,2011-04-23,0.381004012873,0.316631436048,0.302364551079,0.381004012873,-0.0409369153973,A,H,2.37,-1.0,-1.0
4919,SP1,2012-04-15,0.23338571283,0.277525987164,0.489088300007,0.489088300007,-0.0372274894671,H,H,1.9,0.9,
4920,D1,2016-11-19,0.330409641847,0.301590317247,0.368000040906,0.368000040906,-0.00237032946473,H,D,2.7,-1.0,-1.0
4921,F1,2009-11-21,0.630654434495,0.239816844851,0.129528720654,0.630654434495,-0.0496176743483,A,D,1.47,-1.0,-1.0
4922,F1,2017-01-14,0.322698477046,0.294084192463,0.383217330491,0.383217330491,-0.0232867345492,H,H,2.46,1.46,1.44
4923,SP1,2017-05-21,0.383980007796,0.22602642594,0.389993566264,0.389993566264,0.0566602329303,H,A,3.0,-1.0,-1.0
4924,D1,2015-03-07,0.347398100833,0.263220592255,0.389381306911,0.389381306911,-0.00277555583369,H,A,2.55,-1.0,-1.0
4925,E2,2013-03-09,0.305740501294,0.292980081705,0.401279417001,0.401279417001,-0.049171033449,H,D,2.22,-1.0,-1.0
4926,E2,2012-02-14,0.260348072212,0.315110422669,0.424541505119,0.424541505119,-0.0990187043055,H,A,1.91,-1.0,-1.0
4927,I1,2014-01-06,0.208365713657,0.276940418262,0.514693868081,0.514693868081,-0.0347566813691,H,A,1.82,-1.0,-1.0
4928,I1,2016-03-06,0.22442380662,0.272105692302,0.503470501077,0.503470501077,0.00347050107745,H,H,2.0,1.0,1.05
4929,E1,2012-01-02,0.362633233965,0.289985843681,0.347380922354,0.362633233965,-0.0310675534362,A,A,2.54,1.54,
4930,F1,2017-04-16,0.218693181894,0.286176090402,0.495130727704,0.495130727704,-0.0513173597275,H,H,1.83,0.83,0.85
4931,E2,2016-02-16,0.418202386777,0.289969353906,0.291828259317,0.418202386777,-0.0342863010058,A,H,2.21,-1.0,-1.0
4932,E1,2014-03-08,0.277002800527,0.285301587587,0.437695611887,0.437695611887,-0.0189253926795,H,H,2.19,1.19,1.23
4933,I1,2013-12-07,0.130059087972,0.238178052921,0.631762859107,0.631762859107,-0.0175877902437,H,D,1.54,-1.0,-1.0
4934,E2,2016-03-25,0.134796203163,0.213899760204,0.651304036633,0.651304036633,-0.0336274702162,H,H,1.46,0.46,0.5
4935,E2,2012-01-28,0.4691965836,0.277363374838,0.253440041561,0.4691965836,-0.0462673339256,A,D,1.94,-1.0,-1.0
4936,E1,2014-04-05,0.25819543116,0.256489145725,0.485315423115,0.485315423115,0.00222363567549,H,A,2.07,-1.0,-1.0
4937,F1,2011-03-19,0.231639687257,0.298764732604,0.469595580138,0.469595580138,-0.0329169826757,H,H,1.99,0.99,
4938,E2,2016-11-12,0.309464513942,0.286553898989,0.403981587069,0.403981587069,-0.0365470472921,H,A,2.27,-1.0,-1.0
4939,E1,2017-04-01,0.303426401667,0.277812983459,0.418760614874,0.418760614874,-0.00140745235323,H,D,2.38,-1.0,-1.0
4940,SC0,2011-04-16,0.41327307049,0.274335264604,0.312391664906,0.41327307049,-0.0392156172929,A,D,2.21,-1.0,-1.0
4941,SP1,2017-03-12,0.284934893439,0.287685658432,0.427379448129,0.427379448129,-0.0355835148341,H,A,2.16,-1.0,-1.0
4942,E2,2010-03-06,0.0901904242301,0.19358843609,0.71622113968,0.71622113968,-0.0245196010607,H,H,1.35,0.35,
4943,E2,2015-01-10,0.367291361046,0.30181530321,0.330893335744,0.367291361046,-0.0114965177416,A,H,2.64,-1.0,-1.0
4944,E2,2016-11-12,0.408722695188,0.297242326602,0.294034978209,0.408722695188,-0.0168092197055,A,A,2.35,1.35,1.41
4945,D1,2017-03-18,0.462900872173,0.256172963523,0.280926164304,0.462900872173,-0.0297099652656,A,H,2.03,-1.0,-1.0
4946,SC0,2010-11-10,0.294067535384,0.302967318952,0.402965145664,0.402965145664,-0.0732253305267,H,H,2.1,1.1,
4947,D1,2016-02-20,0.258846276612,0.256456072624,0.484697650764,0.484697650764,0.0129995375564,H,H,2.12,1.12,1.16
4948,E1,2012-04-23,0.357283503036,0.306493922174,0.336222574789,0.357283503036,-0.0158508253217,A,A,2.68,1.68,
4949,D1,2015-02-21,0.253491065991,0.239560243202,0.506948690807,0.506948690807,0.00943625299612,H,D,2.01,-1.0,-1.0
4950,D1,2015-11-29,0.423382367588,0.256272094124,0.320345538288,0.423382367588,-0.0311630869571,A,D,2.2,-1.0,-1.0
4951,I1,2015-11-22,0.119178054401,0.221713162768,0.659108782831,0.659108782831,-0.0165668928445,H,D,1.48,-1.0,-1.0
4952,SC0,2011-04-02,0.338947978132,0.274260123194,0.386791898675,0.386791898675,0.00217651405916,H,D,2.6,-1.0,-1.0
4953,D1,2014-05-10,0.08524958142,0.138810110079,0.775940308501,0.775940308501,-0.00530969149872,H,H,1.28,0.28,0.29
4954,SC0,2013-05-12,0.262164347591,0.274173596912,0.463662055498,0.463662055498,-0.0439521577001,H,H,1.97,0.97,1.04
4955,SC0,2015-12-19,0.0153508845576,0.0711190475859,0.913530067856,0.913530067856,0.0206729249994,H,A,1.12,-1.0,-1.0
4956,I1,2016-02-11,0.140244914302,0.215434271862,0.644320813836,0.644320813836,-0.0179308417933,H,H,1.51,0.51,0.54
4957,E1,2012-04-28,0.0721940689752,0.186358909698,0.741447021327,0.741447021327,-0.027783747904,H,H,1.3,0.3,
4958,SC0,2016-03-12,0.694813622851,0.172076922152,0.133109454997,0.694813622851,-0.0298240583088,A,A,1.38,0.38,0.4
4959,I1,2010-05-09,0.00895451566628,0.0567979413976,0.934247542936,0.934247542936,0.0083216170102,H,H,1.08,0.08,
4960,SP1,2016-04-25,0.157063373436,0.208139512379,0.634797114185,0.634797114185,-0.0103641761381,H,H,1.55,0.55,0.59
4961,I1,2014-04-19,0.055986901556,0.172415555724,0.77159754272,0.77159754272,-0.00965245727992,H,H,1.28,0.28,0.3
4962,D1,2011-12-02,0.20821931815,0.255432625616,0.536348056235,0.536348056235,-0.035080515194,H,H,1.75,0.75,
4963,I1,2017-04-23,0.0249812167947,0.0822704440448,0.892748339161,0.892748339161,0.0306793736433,H,H,1.16,0.16,0.17
4964,I1,2012-01-22,0.153194189869,0.260711936093,0.586093874039,0.586093874039,-0.0163157645155,H,H,1.66,0.66,
4965,D1,2012-11-23,0.389019360652,0.278509292235,0.332471347113,0.389019360652,-0.0276473060146,A,H,2.4,-1.0,-1.0
4966,SP1,2016-04-03,0.122336390934,0.210992714478,0.666670894588,0.666670894588,-0.00447004500923,H,D,1.49,-1.0,-1.0
4967,F1,2016-03-05,0.0923976992645,0.217847984868,0.689754315867,0.689754315867,-0.00469012857723,H,D,1.44,-1.0,-1.0
4968,E0,2016-12-11,0.0451121897239,0.144293014157,0.810594796119,0.810594796119,0.0231932213155,H,H,1.27,0.27,0.27
4969,D1,2010-03-20,0.318303683202,0.27513958791,0.406556728888,0.406556728888,-0.0118533129532,H,H,2.39,1.39,
4970,D1,2010-03-27,0.429383304532,0.273074749517,0.297541945951,0.429383304532,-0.0379064150937,A,D,2.14,-1.0,-1.0
4971,SP1,2016-01-10,0.337836002994,0.309946701793,0.352217295213,0.352217295213,-0.0251411953534,H,D,2.65,-1.0,-1.0
4972,E1,2014-01-11,0.351604775325,0.296379417475,0.3520158072,0.3520158072,-0.00769642301556,H,A,2.78,-1.0,-1.0
4973,SP1,2010-04-18,0.241412454971,0.275701173674,0.482886371355,0.482886371355,-0.0299341414655,H,D,1.95,-1.0,-1.0
4974,E2,2015-04-25,0.357515975985,0.290692669327,0.351791354688,0.357515975985,-0.0184238736392,A,H,2.66,-1.0,-1.0
4975,F1,2010-03-28,0.0863934291258,0.240395200346,0.673211370528,0.673211370528,-0.0410743437573,H,H,1.4,0.4,
4976,SP1,2014-05-17,0.236878495753,0.271848700185,0.491272804062,0.491272804062,-0.0642827514937,H,H,1.8,0.8,0.84
4977,I1,2014-03-26,0.0733184266853,0.177269452656,0.749412120659,0.749412120659,-0.0024675785889,H,H,1.33,0.33,0.35
4978,D1,2014-03-23,0.216035743532,0.239497413879,0.544466842589,0.544466842589,-0.0302458010891,H,A,1.74,-1.0,-1.0
4979,SP1,2013-01-19,0.343791800179,0.270815938227,0.385392261594,0.385392261594,0.0163885715569,H,D,2.71,-1.0,-1.0
4980,F1,2014-01-11,0.837953473772,0.113719500083,0.0483270261454,0.837953473772,0.0182813426242,A,A,1.22,0.22,0.23
4981,E1,2014-01-30,0.241780052107,0.271139742502,0.48708020539,0.48708020539,-0.00553063204809,H,H,2.03,1.03,1.05
4982,E1,2014-02-08,0.465104788483,0.265066015254,0.269829196263,0.465104788483,-0.0503591290429,A,D,1.94,-1.0,-1.0
4983,D1,2011-12-13,0.357006085996,0.25150844944,0.391485464563,0.391485464563,-0.00533993226232,H,D,2.52,-1.0,-1.0
4984,E0,2012-01-21,0.340415976371,0.291153621772,0.368430401857,0.368430401857,-0.0299759726447,H,A,2.51,-1.0,-1.0
4985,E0,2013-03-02,0.257841438156,0.275889837856,0.466268723988,0.466268723988,-0.0122001755332,H,A,2.09,-1.0,-1.0
4986,F1,2014-03-08,0.0487300587513,0.140891452166,0.810378489082,0.810378489082,-0.00262964099886,H,H,1.23,0.23,0.24
4987,I1,2011-12-10,0.258909331009,0.276860404876,0.464230264115,0.464230264115,0.00760925954831,H,A,2.19,-1.0,-1.0
4988,SP1,2010-05-01,0.579875809812,0.247323628671,0.172800561517,0.579875809812,-0.0694748395386,A,A,1.54,0.54,
4989,SP1,2012-03-12,0.23167537442,0.274511765594,0.493812859985,0.493812859985,-0.0270204733482,H,A,1.92,-1.0,-1.0
4990,SP1,2015-05-23,0.396061155064,0.411400641966,0.192538202969,0.411400641966,-0.0105402863037,D,D,2.37,1.37,
4991,I1,2010-12-05,0.406741042238,0.302520630168,0.290738327594,0.406741042238,-0.0478044123078,A,A,2.2,1.2,
4992,E1,2017-04-14,0.207022520744,0.258973355653,0.534004123604,0.534004123604,-0.012443963828,H,H,1.83,0.83,0.85
4993,F1,2011-04-03,0.457760686686,0.297170765056,0.245068548258,0.457760686686,-0.0372888182642,A,A,2.02,1.02,
4994,E1,2012-11-17,0.24260962713,0.269122255917,0.488268116953,0.488268116953,-0.0380476725205,H,H,1.9,0.9,0.9
4995,D1,2017-05-13,0.199866261744,0.254195634561,0.545938103695,0.545938103695,-0.0354572451422,H,H,1.72,0.72,0.75
4996,SP1,2011-02-20,0.291521554626,0.302638984935,0.405839460439,0.405839460439,-0.0571235025242,H,H,2.16,1.16,
4997,E0,2016-02-03,0.47861695468,0.276273978642,0.245109066678,0.47861695468,-0.02643355037,A,D,1.98,-1.0,-1.0
4998,SC0,2015-04-08,0.0342986448118,0.0973922158352,0.868309139353,0.868309139353,0.0136082846521,H,H,1.17,0.17,0.17
4999,E1,2017-03-14,0.32109107336,0.267278288633,0.411630638006,0.411630638006,-0.0231519706894,H,A,2.3,-1.0,-1.0
5000,E2,2014-02-22,0.251624561588,0.286942099394,0.461433339018,0.461433339018,-0.0487707426148,H,A,1.96,-1.0,-1.0
5001,F1,2013-11-22,0.490111159589,0.284945016111,0.2249438243,0.490111159589,-0.0418037340281,A,A,1.88,0.88,0.9
5002,I1,2014-01-25,0.0611925460623,0.169298165022,0.769509288915,0.769509288915,-0.00568450953418,H,D,1.29,-1.0,-1.0
5003,SC0,2011-02-02,0.271771811816,0.292037786548,0.436190401636,0.436190401636,-0.0613220361747,H,H,2.01,1.01,
5004,E1,2013-02-20,0.335118926754,0.264052605787,0.400828467459,0.400828467459,-0.000777958244043,H,H,2.49,1.49,1.68
5005,SC0,2009-12-05,0.234348541958,0.268461550218,0.497189907824,0.497189907824,-0.0182740097021,H,H,1.94,0.94,
5006,SP1,2017-03-18,0.56082555512,0.225043625181,0.214130819699,0.56082555512,-0.030890421211,A,A,1.69,0.69,0.71
5007,E1,2013-03-05,0.331458532953,0.2872991145,0.381242352547,0.381242352547,-0.0479421968088,H,D,2.33,-1.0,-1.0
5008,E0,2010-04-03,0.329501142718,0.246017746967,0.424481110315,0.424481110315,0.0398657256999,H,A,2.6,-1.0,-1.0
5009,E0,2014-01-28,0.295180036768,0.294019823272,0.410800139961,0.410800139961,0.00594184036536,H,H,2.47,1.47,1.56
5010,D1,2009-11-21,0.286694187398,0.27287936969,0.440426442912,0.440426442912,-0.0246898361579,H,A,2.15,-1.0,-1.0
5011,SC0,2015-11-21,0.00882870555388,0.0552324088215,0.935938885625,0.935938885625,0.0268479765337,H,D,1.1,-1.0,-1.0
5012,F1,2013-12-04,0.224309415824,0.278924817507,0.496765766669,0.496765766669,-0.0108484465293,H,A,1.97,-1.0,-1.0
5013,F1,2012-04-29,0.12156064923,0.239287012401,0.639152338369,0.639152338369,-0.0319886012285,H,H,1.49,0.49,
5014,SC0,2017-03-18,0.0878342753605,0.168215898397,0.743949826242,0.743949826242,-0.0194089523836,H,H,1.31,0.31,0.34
5015,E1,2014-11-01,0.202975528083,0.25833014799,0.538694323927,0.538694323927,-0.0168612316282,H,H,1.8,0.8,0.83
5016,D1,2012-01-22,0.492068053546,0.269084282215,0.238847664239,0.492068053546,-0.0543800338857,A,A,1.83,0.83,
5017,SP1,2011-01-09,0.189342658995,0.259172559556,0.55148478145,0.55148478145,-0.0265499006313,H,H,1.73,0.73,
5018,E1,2013-02-09,0.311031027522,0.267790353754,0.421178618724,0.421178618724,-0.0117218141764,H,D,2.31,-1.0,-1.0
5019,F1,2009-12-16,0.0308916548634,0.151195081871,0.817913263266,0.817913263266,-0.022422871188,H,H,1.19,0.19,
5020,D1,2012-02-12,0.351992971112,0.278264153816,0.369742875072,0.369742875072,-0.0119365142405,H,D,2.62,-1.0,-1.0
5021,E1,2013-12-21,0.273503494394,0.279217457986,0.44727904762,0.44727904762,-0.0244190655872,H,A,2.12,-1.0,-1.0
5022,SC0,2016-02-26,0.828099413201,0.100601516388,0.0712990704115,0.828099413201,0.00842728205317,A,D,1.22,-1.0,-1.0
5023,E2,2011-04-30,0.333610784655,0.290557861305,0.37583135404,0.37583135404,-0.049700560854,H,A,2.35,-1.0,-1.0
5024,E1,2013-12-29,0.347062433207,0.283434391661,0.369503175132,0.369503175132,-0.0165972109682,H,D,2.59,-1.0,-1.0
5025,E1,2011-01-03,0.253292128278,0.280729537112,0.46597833461,0.46597833461,-0.0315341032014,H,H,2.01,1.01,
5026,D1,2010-04-03,0.29252791836,0.296270823989,0.411201257651,0.411201257651,-0.0539150214191,H,D,2.15,-1.0,-1.0
5027,I1,2013-05-19,0.276241341357,0.303724674621,0.420033984021,0.420033984021,-0.0450822950485,H,D,2.15,-1.0,-1.0
5028,E1,2016-03-12,0.186837151754,0.269582641469,0.543580206777,0.543580206777,-0.0182175460321,H,A,1.78,-1.0,-1.0
5029,E2,2013-04-09,0.267275243857,0.258774753465,0.473950002678,0.473950002678,0.00225188947016,H,H,2.12,1.12,1.22
5030,F1,2012-11-24,0.332634793442,0.292456689931,0.374908516627,0.374908516627,-0.0452595505998,H,H,2.38,1.38,1.4
5031,F1,2011-02-26,0.190295110742,0.296471666978,0.51323322228,0.51323322228,-0.0549485959014,H,A,1.76,-1.0,-1.0
5032,E0,2017-04-15,0.310337098599,0.278515383938,0.411147517463,0.411147517463,0.00792171101093,H,H,2.48,1.48,1.57
5033,I1,2015-03-15,0.157195880118,0.256871112349,0.585933007533,0.585933007533,-0.0351850048895,H,H,1.61,0.61,0.64
5034,E2,2010-11-13,0.450192315548,0.28128998231,0.268517702142,0.450192315548,-0.0424185218906,A,H,2.03,-1.0,-1.0
5035,E1,2013-04-06,0.227494400289,0.255017997693,0.517487602018,0.517487602018,-0.000647113007717,H,D,1.93,-1.0,-1.0
5036,E1,2013-01-19,0.28905524291,0.25803035935,0.45291439774,0.45291439774,0.0162331750328,H,D,2.29,-1.0,-1.0
5037,E1,2011-04-09,0.315321872458,0.286078565063,0.398599562479,0.398599562479,-0.023341365791,H,A,2.37,-1.0,-1.0
5038,E1,2012-03-13,0.269493005603,0.290887263401,0.439619730997,0.439619730997,-0.0411494997724,H,A,2.08,-1.0,-1.0
5039,SP1,2010-01-24,0.0363710689517,0.125223558173,0.838405372875,0.838405372875,-0.0090522542433,H,H,1.18,0.18,
5040,SP1,2011-03-06,0.32089885509,0.26185384193,0.417247302979,0.417247302979,0.00230954364318,H,H,2.41,1.41,
5041,E1,2014-02-18,0.452956748039,0.283046051202,0.26399720076,0.452956748039,-0.0396540893998,A,D,2.03,-1.0,-1.0
5042,E0,2013-11-03,0.347422121306,0.314958300797,0.337619577898,0.347422121306,0.00495636788114,A,D,2.92,-1.0,-1.0
5043,E2,2016-01-30,0.19740756879,0.26059489004,0.54199754117,0.54199754117,-0.0497184351614,H,H,1.69,0.69,0.72
5044,E1,2010-01-30,0.192295642974,0.287591826241,0.520112530784,0.520112530784,-0.0716034455469,H,H,1.69,0.69,
5045,E1,2015-12-12,0.14252441042,0.225265987356,0.632209602224,0.632209602224,-0.0213851690179,H,D,1.53,-1.0,-1.0
5046,SP1,2015-05-23,0.195473578513,0.25024184584,0.554284575646,0.554284575646,-0.0237501064345,H,H,1.73,0.73,0.74
5047,SC0,2012-12-08,0.328563670874,0.298029446146,0.373406882979,0.373406882979,-0.041530876357,H,H,2.41,1.41,1.42
5048,D1,2013-11-23,0.38515894545,0.281698758399,0.333142296151,0.38515894545,-0.0367819828201,A,A,2.37,1.37,1.48
5049,E2,2014-12-20,0.24422637061,0.295197319026,0.460576310364,0.460576310364,-0.0444741946868,H,D,1.98,-1.0,-1.0
5050,SP1,2010-03-21,0.335959436403,0.262507127089,0.401533436508,0.401533436508,0.0297862246122,H,H,2.69,1.69,
5051,E1,2012-11-06,0.241901911536,0.272812279057,0.485285809407,0.485285809407,-0.0275347034134,H,H,1.95,0.95,1.03
5052,E2,2015-03-28,0.361364176048,0.280684816787,0.357951007164,0.361364176048,-0.0277408823174,A,D,2.57,-1.0,-1.0
5053,I1,2010-03-14,0.0808021966913,0.200268275087,0.718929528221,0.718929528221,-0.0218112125195,H,D,1.35,-1.0,-1.0
5054,E1,2010-02-06,0.500472935516,0.28074218537,0.218784879114,0.500472935516,-0.0613248172931,A,A,1.78,0.78,
5055,SP1,2011-01-23,0.370486208985,0.298710414542,0.330803376473,0.370486208985,-0.0376770563211,A,H,2.45,-1.0,-1.0
5056,E1,2014-04-18,0.436517608129,0.279026604353,0.284455787519,0.436517608129,-0.046574179311,A,D,2.07,-1.0,-1.0
5057,SP1,2010-11-28,0.18504772239,0.246182060146,0.568770217464,0.568770217464,-0.00926446461708,H,H,1.73,0.73,
5058,I1,2015-05-02,0.359467639105,0.290284226852,0.350248134043,0.359467639105,-0.012279572791,A,D,2.69,-1.0,-1.0
5059,E0,2011-12-27,0.0369988554324,0.141607865921,0.821393278647,0.821393278647,0.00172114749937,H,D,1.22,-1.0,-1.0
5060,SP1,2010-04-14,0.0883513788156,0.208354176094,0.703294445091,0.703294445091,-0.0266325622086,H,A,1.37,-1.0,-1.0
5061,SC0,2014-03-15,0.195720722428,0.252921055529,0.551358222043,0.551358222043,-0.0168235961391,H,A,1.76,-1.0,-1.0
5062,SP1,2016-01-10,0.119526155222,0.216040208612,0.664433636166,0.664433636166,-0.0158384726778,H,H,1.47,0.47,0.51
5063,E1,2011-04-09,0.261248287116,0.262913956202,0.475837756682,0.475837756682,-0.000352719508353,H,H,2.1,1.1,
5064,E2,2015-01-03,0.232861326977,0.266014439937,0.501124233086,0.501124233086,-0.0336351252027,H,H,1.87,0.87,0.88
5065,E2,2016-12-17,0.399146847568,0.276227765446,0.324625386986,0.399146847568,-0.0356357611274,A,H,2.3,-1.0,-1.0
5066,E2,2011-01-01,0.259775369566,0.280817591353,0.459407039081,0.459407039081,-0.0507970425516,H,D,1.96,-1.0,-1.0
5067,E0,2011-05-07,0.0786432543724,0.150619598278,0.77073714735,0.77073714735,0.0015063781188,H,D,1.3,-1.0,-1.0
5068,E0,2010-04-03,0.533038340704,0.261308230029,0.205653429267,0.533038340704,-0.0551969534137,A,A,1.7,0.7,
5069,I1,2010-02-13,0.310396476677,0.303142031757,0.386461491566,0.386461491566,-0.0302051751004,H,H,2.4,1.4,
5070,E2,2011-02-12,0.125842284669,0.220731178256,0.653426537076,0.653426537076,-0.0268455717679,H,H,1.47,0.47,
5071,E0,2017-04-05,0.332064176194,0.300627012749,0.367308811057,0.367308811057,-0.0546321172127,H,H,2.37,1.37,1.41
5072,I1,2011-01-15,0.0491487203318,0.19225719189,0.758594087779,0.758594087779,-0.016599710671,H,H,1.29,0.29,
5073,SC0,2013-12-07,0.108508587001,0.215662243546,0.675829169453,0.675829169453,-0.0283961826592,H,H,1.42,0.42,0.44
5074,SP1,2015-02-07,0.397989574609,0.296219846263,0.305790579128,0.397989574609,-0.0349108582915,A,H,2.31,-1.0,-1.0
5075,E2,2009-12-05,0.263051986868,0.284082319085,0.452865694047,0.452865694047,-0.052184811003,H,H,1.98,0.98,
5076,E1,2012-03-03,0.206422834078,0.241111896056,0.552465269865,0.552465269865,-0.012506481547,H,H,1.77,0.77,
5077,E0,2012-01-21,0.234494113115,0.24344364917,0.522062237715,0.522062237715,0.0220622377152,H,H,2.0,1.0,
5078,D1,2017-02-05,0.291276033016,0.26650006917,0.442223897814,0.442223897814,-0.0207390651489,H,H,2.16,1.16,1.2
5079,I1,2015-02-01,0.285111558771,0.293950787044,0.420937654185,0.420937654185,-0.0336078003606,H,H,2.2,1.2,1.21
5080,F1,2014-02-23,0.642271712266,0.224324952111,0.133403335623,0.642271712266,-0.0334039634099,A,A,1.48,0.48,0.5
5081,SC0,2012-12-29,0.488034642752,0.264226189552,0.247739167696,0.488034642752,-0.0554436181176,A,A,1.84,0.84,0.86
5082,E1,2015-03-21,0.157204289895,0.216952974671,0.625842735434,0.625842735434,-0.00308808217584,H,D,1.59,-1.0,-1.0
5083,D1,2014-03-29,0.119452456748,0.145180933455,0.735366609797,0.735366609797,0.00543960249812,H,D,1.37,-1.0,-1.0
5084,E0,2010-03-24,0.784515773279,0.147584527458,0.0678996992632,0.784515773279,-0.00288580152464,A,A,1.27,0.27,
5085,D1,2017-03-18,0.285684269025,0.223271211821,0.491044519153,0.491044519153,0.0259282400835,H,H,2.15,1.15,1.2
5086,E2,2010-01-23,0.365735523553,0.286144225766,0.348120250681,0.365735523553,-0.03587090215,A,A,2.49,1.49,
5087,SP1,2014-12-14,0.309728603656,0.292898811945,0.397372584399,0.397372584399,-0.012463481175,H,D,2.44,-1.0,-1.0
5088,F1,2010-04-03,0.113211899773,0.237131555951,0.649656544277,0.649656544277,-0.0399986281372,H,A,1.45,-1.0,-1.0
5089,F1,2010-04-17,0.330698949877,0.309339367813,0.35996168231,0.35996168231,-0.0217177070032,H,D,2.62,-1.0,-1.0
5090,E2,2012-04-03,0.200791154551,0.248921372797,0.550287472652,0.550287472652,-0.0083717452255,H,H,1.79,0.79,
5091,D1,2017-04-22,0.332189334302,0.286800370472,0.381010295226,0.381010295226,-0.0238480043696,H,H,2.47,1.47,1.55
5092,F1,2011-05-15,0.491954720064,0.291590868216,0.21645441172,0.491954720064,-0.0544933673676,A,H,1.83,-1.0,-1.0
5093,E0,2009-11-21,0.0867127882475,0.206943645496,0.706343566256,0.706343566256,-0.0130808941754,H,H,1.39,0.39,
5094,I1,2016-11-27,0.385513409761,0.298708874449,0.31577771579,0.385513409761,-0.0209906552793,A,A,2.46,1.46,1.53
5095,SP1,2012-03-24,0.37521577378,0.278924303319,0.345859922901,0.37521577378,-0.0414508928862,A,H,2.4,-1.0,-1.0
5096,E2,2014-04-26,0.387790023552,0.29520080334,0.317009173108,0.387790023552,-0.0341509047176,A,H,2.37,-1.0,-1.0
5097,E2,2011-02-22,0.207724682899,0.245069247401,0.547206069701,0.547206069701,0.000757982269072,H,D,1.83,-1.0,-1.0
5098,E1,2014-12-26,0.146574301,0.228835788654,0.624589910346,0.624589910346,-0.0123527648132,H,H,1.57,0.57,0.58
5099,E1,2010-05-02,0.307280196813,0.302267296132,0.390452507055,0.390452507055,-0.07903106102,H,A,2.13,-1.0,-1.0
5100,F1,2014-04-12,0.327929606764,0.318308399543,0.353761993693,0.353761993693,-0.0594611468026,H,H,2.42,1.42,1.45
5101,F1,2015-11-01,0.149883274506,0.305559438495,0.544557286998,0.544557286998,-0.0804427130017,H,H,1.6,0.6,0.61
5102,F1,2010-02-13,0.100243968599,0.246070389179,0.653685642222,0.653685642222,-0.0407588022225,H,H,1.44,0.44,
5103,E0,2012-12-23,0.0886840925521,0.167434395151,0.743881512297,0.743881512297,-0.00799818695103,H,H,1.33,0.33,0.35
5104,SP1,2011-11-19,0.599566059471,0.223027828849,0.17740611168,0.599566059471,-0.0497845898794,A,A,1.54,0.54,
5105,E0,2015-05-10,0.0541065340919,0.0963435339322,0.849549931976,0.849549931976,0.0231036509842,H,H,1.21,0.21,0.23
5106,D1,2015-01-30,0.632648798263,0.201928900329,0.165422301408,0.632648798263,-0.0340178684041,A,H,1.5,-1.0,-1.0
5107,I1,2010-01-09,0.0399561362505,0.143905609309,0.81613825444,0.81613825444,-0.0103080265515,H,H,1.21,0.21,
5108,E1,2016-11-26,0.23192824472,0.27185445252,0.496217302759,0.496217302759,-0.0273429066649,H,H,1.91,0.91,0.92
5109,E1,2011-04-09,0.573680236133,0.259579521178,0.166740242689,0.573680236133,-0.0552505814769,A,H,1.59,-1.0,-1.0
5110,D1,2010-12-18,0.113624004802,0.219969020494,0.666406974705,0.666406974705,-0.0185245321447,H,H,1.46,0.46,
5111,E0,2016-11-06,0.253146431904,0.300238886768,0.446614681329,0.446614681329,-0.0688492361972,H,D,1.94,-1.0,-1.0
5112,SP1,2014-04-27,0.515449470891,0.26300055623,0.221549972879,0.515449470891,-0.043209746986,A,A,1.79,0.79,0.84
5113,E2,2013-04-20,0.0989875656367,0.233875450787,0.667136983576,0.667136983576,-0.0370883685366,H,H,1.42,0.42,0.44
5114,E1,2010-04-24,0.148658882858,0.250423952602,0.60091716454,0.60091716454,-0.0401084764856,H,H,1.56,0.56,
5115,SP1,2015-12-30,0.348129045508,0.319173776392,0.3326971781,0.348129045508,-0.0102938935604,A,A,2.79,1.79,1.89
5116,I1,2012-03-18,0.150980529473,0.2644331116,0.584586358927,0.584586358927,-0.0365316534957,H,D,1.61,-1.0,-1.0
5117,F1,2017-04-29,0.326724796256,0.295805842783,0.377469360962,0.377469360962,-0.0116356974041,H,H,2.57,1.57,1.68
5118,E1,2011-03-19,0.16146085924,0.26101648355,0.57752265721,0.57752265721,-0.0474773427896,H,H,1.6,0.6,
5119,E1,2017-03-11,0.371440673338,0.290079102964,0.338480223698,0.371440673338,-0.011701089114,A,A,2.61,1.61,1.65
5120,I1,2016-04-10,0.252816174653,0.31227604314,0.434907782206,0.434907782206,-0.055288296225,H,H,2.04,1.04,1.07
5121,SC0,2011-04-24,0.200852106188,0.255573592729,0.543574301083,0.543574301083,-0.0119812544725,H,D,1.8,-1.0,-1.0
5122,E0,2012-12-29,0.359210423938,0.275401794832,0.36538778123,0.36538778123,0.00437695090475,H,H,2.77,1.77,1.95
5123,SP1,2014-01-05,0.273852760951,0.245162417619,0.48098482143,0.48098482143,0.0243638168641,H,H,2.19,1.19,1.18
5124,E1,2011-04-25,0.174746279261,0.263224916975,0.562028803764,0.562028803764,-0.0477272937969,H,D,1.64,-1.0,-1.0
5125,E2,2011-12-17,0.298684821234,0.29022297105,0.411092207716,0.411092207716,-0.0393582427342,H,D,2.22,-1.0,-1.0
5126,E2,2012-11-10,0.332845726614,0.287843416735,0.379310856651,0.379310856651,-0.0390991851896,H,H,2.39,1.39,1.48
5127,SP1,2010-03-14,0.26110501,0.287357838623,0.451537151377,0.451537151377,-0.0386589270548,H,H,2.04,1.04,
5128,SC0,2017-03-31,0.597127106641,0.236006217078,0.166866676281,0.597127106641,-0.0357842857643,A,A,1.58,0.58,0.61
5129,E0,2012-12-01,0.104813427332,0.191149597079,0.704036975589,0.704036975589,-0.0102487386964,H,H,1.4,0.4,0.43
5130,SC0,2012-03-28,0.353181572712,0.301648660709,0.345169766578,0.353181572712,-0.022758276912,A,A,2.66,1.66,
5131,SC0,2014-12-13,0.368487406247,0.269072327158,0.362440266595,0.368487406247,-0.0267695107488,A,A,2.53,1.53,1.63
5132,D1,2011-02-19,0.565223116125,0.227540803063,0.207236080812,0.565223116125,-0.0482738163902,A,A,1.63,0.63,
5133,E1,2012-03-24,0.332394285232,0.263559361224,0.404046353544,0.404046353544,-0.0143636882967,H,H,2.39,1.39,
5134,D1,2014-05-10,0.0823392340534,0.107778395681,0.809882370265,0.809882370265,0.00988237026534,H,H,1.25,0.25,0.26
5135,F1,2009-12-23,0.306021884915,0.303498868036,0.390479247048,0.390479247048,-0.0244585122878,H,D,2.41,-1.0,-1.0
5136,E0,2013-04-07,0.256107760955,0.252964380821,0.490927858224,0.490927858224,0.0322122618936,H,D,2.18,-1.0,-1.0
5137,F1,2013-01-26,0.332803992007,0.296523914926,0.370672093067,0.370672093067,-0.0199529069327,H,H,2.56,1.56,1.68
5138,SC0,2016-01-15,0.742032912577,0.14786375869,0.110103328734,0.742032912577,-0.015542844999,A,A,1.32,0.32,0.38
5139,SP1,2012-03-10,0.200023456812,0.256700605232,0.543275937956,0.543275937956,-0.0185218148535,H,H,1.78,0.78,
5140,F1,2016-05-07,0.260816221733,0.24113452231,0.498049255957,0.498049255957,-0.0200854590687,H,H,1.93,0.93,0.98
5141,E1,2017-02-11,0.217437034271,0.263321755477,0.519241210252,0.519241210252,0.00642069743144,H,A,1.95,-1.0,-1.0
5142,I1,2013-11-03,0.128702137918,0.250480656891,0.620817205191,0.620817205191,-0.0202084358351,H,A,1.56,-1.0,-1.0
5143,SP1,2013-04-07,0.452668080528,0.278018772524,0.269313146948,0.452668080528,-0.0375279979035,A,D,2.04,-1.0,-1.0
5144,SC0,2016-04-09,0.385380902237,0.279552215182,0.335066882581,0.385380902237,-0.0347871649895,A,H,2.38,-1.0,-1.0
5145,F1,2012-01-29,0.357454057367,0.330617355737,0.311928586897,0.357454057367,-0.0227740795153,A,A,2.63,1.63,
5146,E1,2010-12-18,0.15716190655,0.26288579698,0.57995229647,0.57995229647,-0.041165715952,H,H,1.61,0.61,
5147,SC0,2011-12-24,0.340249701863,0.299273574769,0.360476723368,0.360476723368,-0.0527464171283,H,H,2.42,1.42,
5148,E1,2016-02-23,0.205450298426,0.284086752585,0.510462948989,0.510462948989,-0.0420232388565,H,H,1.81,0.81,0.83
5149,SC0,2011-12-10,0.276485056835,0.274274906417,0.449240036748,0.449240036748,-0.0137229262153,H,D,2.16,-1.0,-1.0
5150,E1,2013-04-06,0.272411786998,0.2855742706,0.442013942402,0.442013942402,-0.0387552883676,H,A,2.08,-1.0,-1.0
5151,E0,2015-01-31,0.357422879607,0.285699768722,0.356877351672,0.357422879607,-0.0286775064939,A,A,2.59,1.59,1.73
5152,F1,2013-12-07,0.263201207188,0.283768502663,0.453030290148,0.453030290148,-0.00779920293927,H,H,2.17,1.17,1.22
5153,SC0,2011-11-26,0.270674061659,0.284520568119,0.444805370222,0.444805370222,-0.0406315229816,H,H,2.06,1.06,
5154,E1,2017-02-25,0.291559352998,0.284288454585,0.424152192418,0.424152192418,0.00221126414757,H,H,2.37,1.37,1.45
5155,E1,2010-12-28,0.402518525227,0.2919812139,0.305500260873,0.402518525227,-0.0303819076732,A,A,2.31,1.31,
5156,SP1,2015-02-01,0.393225163352,0.29374276186,0.313032074789,0.393225163352,-0.0415574453439,A,A,2.3,1.3,1.39
5157,F1,2014-04-20,0.296995081543,0.28737712319,0.415627795268,0.415627795268,-0.0191548134281,H,A,2.3,-1.0,-1.0
5158,E2,2014-02-14,0.195448770789,0.25442334199,0.550127887221,0.550127887221,-0.0245847564572,H,D,1.74,-1.0,-1.0
5159,SC0,2014-03-15,0.341201607409,0.30270920326,0.356089189332,0.356089189332,-0.0439108106684,H,H,2.5,1.5,1.59
5160,E2,2013-01-26,0.308370201327,0.291473926723,0.40015587195,0.40015587195,-0.0462726994787,H,D,2.24,-1.0,-1.0
5161,E1,2010-04-17,0.243568582326,0.28866310658,0.467768311094,0.467768311094,-0.0530650222392,H,D,1.92,-1.0,-1.0
5162,E2,2014-12-26,0.190061603982,0.262945268605,0.546993127413,0.546993127413,-0.0412421667046,H,H,1.7,0.7,0.74
5163,E1,2013-12-26,0.187014912192,0.248039100231,0.564945987578,0.564945987578,-0.0164493612596,H,H,1.72,0.72,0.73
5164,E2,2012-04-28,0.392239841016,0.290997683431,0.316762475553,0.392239841016,-0.0444413816913,A,A,2.29,1.29,
5165,SP1,2012-01-28,0.00562832955964,0.0140304244281,0.980341246012,0.980341246012,0.0369450195972,H,H,1.06,0.06,
5166,SP1,2012-04-21,0.149588972352,0.232699059408,0.61771196824,0.61771196824,-0.0233136727854,H,D,1.56,-1.0,-1.0
5167,SC0,2016-11-04,0.506472875994,0.258355244581,0.235171879425,0.506472875994,-0.0429776734567,A,A,1.82,0.82,0.87
5168,E2,2012-03-24,0.215003572878,0.268833176978,0.516163250145,0.516163250145,-0.0243772903956,H,H,1.85,0.85,
5169,D1,2016-04-23,0.231658315776,0.298258104855,0.470083579369,0.470083579369,-0.0401205022637,H,H,1.96,0.96,1.01
5170,F1,2009-12-16,0.231793434606,0.307417617687,0.460788947706,0.460788947706,-0.0417236151076,H,H,1.99,0.99,
5171,SP1,2017-04-10,0.131092470251,0.192751393526,0.676156136223,0.676156136223,-0.0087753706267,H,H,1.46,0.46,0.48
5172,F1,2014-04-27,0.202186365108,0.288738279364,0.509075355528,0.509075355528,-0.0558963958844,H,H,1.77,0.77,0.76
5173,I1,2010-01-17,0.0459023651525,0.168066059308,0.786031575539,0.786031575539,-0.0139684244609,H,H,1.25,0.25,
5174,SC0,2014-01-29,0.0331538154819,0.10564320031,0.861202984208,0.861202984208,0.006502129507,H,H,1.17,0.17,0.18
5175,E1,2014-03-01,0.310509052232,0.270534469327,0.418956478441,0.418956478441,0.0173500527384,H,H,2.49,1.49,1.57
5176,SC0,2017-04-28,0.261622497507,0.266409002513,0.471968499981,0.471968499981,-0.0356457132174,H,H,1.97,0.97,1.04
5177,SP1,2016-01-09,0.0172342424199,0.0441038545098,0.93866190307,0.93866190307,0.0458047602132,H,H,1.12,0.12,0.13
5178,F1,2016-01-16,0.680792549294,0.187874441357,0.131333009349,0.680792549294,-0.0185081500064,A,A,1.43,0.43,0.45
5179,SC0,2012-01-14,0.174595520582,0.267865764522,0.557538714896,0.557538714896,-0.0272566067415,H,H,1.71,0.71,
5180,E2,2010-01-30,0.409290949985,0.286122883638,0.304586166378,0.409290949985,-0.0371376214439,A,A,2.24,1.24,
5181,I1,2014-04-19,0.358049023518,0.307155623229,0.334795353252,0.358049023518,-0.00166320669765,A,A,2.78,1.78,1.93
5182,E1,2014-01-11,0.445768843223,0.288120151397,0.26611100538,0.445768843223,-0.049280661727,A,A,2.02,1.02,1.06
5183,D1,2010-03-20,0.657871697379,0.208191928445,0.133936374176,0.657871697379,-0.0365727470652,A,H,1.44,-1.0,-1.0
5184,SP1,2010-11-20,0.247957425113,0.237552165226,0.514490409662,0.514490409662,0.0218795722232,H,D,2.03,-1.0,-1.0
5185,E1,2013-03-02,0.267664995586,0.260566708883,0.471768295531,0.471768295531,-0.0067006039902,H,H,2.09,1.09,1.17
5186,E0,2015-01-17,0.617412980604,0.232159620625,0.150427398771,0.617412980604,-0.0277483097185,A,A,1.55,0.55,0.56
5187,D1,2014-05-03,0.226350328174,0.244171076972,0.529478594854,0.529478594854,-0.00815581374787,H,H,1.86,0.86,0.88
5188,I1,2015-12-20,0.127918657376,0.203361314052,0.668720028572,0.668720028572,-0.00242091102555,H,H,1.49,0.49,0.49
5189,I1,2010-03-14,0.199366602351,0.286109679738,0.51452371791,0.51452371791,-0.0289545429595,H,A,1.84,-1.0,-1.0
5190,E0,2014-11-22,0.261709769217,0.277395916293,0.46089431449,0.46089431449,-0.0152961617003,H,D,2.1,-1.0,-1.0
5191,E2,2015-02-14,0.222851016466,0.294144144602,0.483004838932,0.483004838932,-0.0756543789449,H,A,1.79,-1.0,-1.0
5192,E2,2013-03-19,0.249409190469,0.282663969423,0.467926840108,0.467926840108,-0.0422772415249,H,H,1.96,0.96,0.94
5193,SP1,2017-04-07,0.284127356512,0.291535659283,0.424336984205,0.424336984205,-0.0181408919008,H,H,2.26,1.26,1.31
5194,E1,2014-11-04,0.245678649907,0.263495635547,0.490825714546,0.490825714546,-0.00668672326525,H,H,2.01,1.01,1.03
5195,D1,2012-11-10,0.378726083679,0.278812537954,0.342461378367,0.378726083679,-0.0228803420234,A,D,2.49,-1.0,-1.0
5196,F1,2016-01-09,0.300570538903,0.316288430686,0.383141030412,0.383141030412,-0.0250222348944,H,H,2.45,1.45,1.48
5197,E1,2013-01-01,0.297451132481,0.268044955355,0.434503912164,0.434503912164,-0.0139265811093,H,H,2.23,1.23,1.26
5198,E0,2012-12-29,0.0725004954083,0.146750139455,0.780749365137,0.780749365137,0.0055555666872,H,H,1.29,0.29,0.32
5199,D1,2013-04-12,0.190295542414,0.240355366738,0.569349090849,0.569349090849,-0.0154462307888,H,H,1.71,0.71,0.71
5200,SC0,2014-03-29,0.209050912766,0.233084432701,0.557864654533,0.557864654533,-0.00393309827562,H,A,1.78,-1.0,-1.0
5201,E0,2016-03-06,0.460898509017,0.276395982325,0.262705508658,0.460898509017,-0.0152919671737,A,A,2.1,1.1,1.15
5202,SP1,2017-01-28,0.0741897381079,0.19787489188,0.727935370012,0.727935370012,-0.00199163728689,H,H,1.37,0.37,0.37
5203,E1,2013-04-20,0.301367718966,0.283509159856,0.415123121178,0.415123121178,-0.0273547549278,H,H,2.26,1.26,1.38
5204,E2,2016-02-20,0.259422003417,0.248447528946,0.492130467637,0.492130467637,-0.002919037313,H,H,2.02,1.02,1.05
5205,SC0,2010-02-13,0.369743341662,0.291282080862,0.338974577476,0.369743341662,-0.0417792920829,A,D,2.43,-1.0,-1.0
5206,SC0,2010-02-21,0.199119318779,0.272005719825,0.528874961396,0.528874961396,-0.0491597206849,H,H,1.73,0.73,
5207,SC0,2011-03-02,0.331795181108,0.28816197945,0.380042839441,0.380042839441,-0.0215635862616,H,D,2.49,-1.0,-1.0
5208,D1,2013-01-26,0.399799389129,0.281026296431,0.31917431444,0.399799389129,-0.0293851602275,A,A,2.33,1.33,1.32
5209,I1,2014-04-05,0.304998657126,0.30229371315,0.392707629725,0.392707629725,-0.0274604375023,H,A,2.38,-1.0,-1.0
5210,E1,2010-12-18,0.382558109952,0.299985717488,0.31745617256,0.382558109952,-0.0323796493839,A,H,2.41,-1.0,-1.0
5211,E0,2010-03-09,0.305814244091,0.274329490943,0.419856264965,0.419856264965,-0.00208466330499,H,A,2.37,-1.0,-1.0
5212,I1,2011-05-07,0.112124120821,0.190415992169,0.69745988701,0.69745988701,-0.0271777941492,H,H,1.38,0.38,
5213,I1,2011-12-18,0.263358751636,0.289632770957,0.447008477406,0.447008477406,-0.0117071189242,H,D,2.18,-1.0,-1.0
5214,E2,2014-04-12,0.448012529196,0.28629682707,0.265690643734,0.448012529196,-0.0350792582436,A,H,2.07,-1.0,-1.0
5215,D1,2009-11-22,0.0909567234474,0.203322594238,0.705720682314,0.705720682314,-0.0295734353326,H,A,1.36,-1.0,-1.0
5216,F1,2013-02-02,0.44132049558,0.307293046126,0.251386458294,0.44132049558,-0.030377617628,A,A,2.12,1.12,1.14
5217,E2,2012-01-14,0.195145861405,0.272160282506,0.532693856089,0.532693856089,-0.052101465548,H,D,1.71,-1.0,-1.0
5218,E2,2017-02-18,0.351421156119,0.272807915853,0.375770928029,0.375770928029,-0.0194859889672,H,H,2.53,1.53,1.68
5219,E0,2010-01-26,0.136267858834,0.258992185963,0.604739955203,0.604739955203,-0.0202600447973,H,H,1.6,0.6,
5220,F1,2015-01-30,0.0364258073515,0.139975618571,0.823598574078,0.823598574078,0.00392644292999,H,H,1.22,0.22,0.24
5221,SC0,2011-04-25,0.334395911082,0.28174431012,0.383859778799,0.383859778799,-0.0243034865076,H,A,2.45,-1.0,-1.0
5222,E0,2012-05-05,0.0405511305645,0.135116443729,0.824332425706,0.824332425706,-0.00211385528574,H,D,1.21,-1.0,-1.0
5223,E1,2010-04-10,0.221018918207,0.26771905977,0.511262022022,0.511262022022,-0.0322162388471,H,H,1.84,0.84,
5224,I1,2009-11-08,0.182979470917,0.288143011474,0.528877517608,0.528877517608,-0.0735321209458,H,H,1.66,0.66,
5225,E1,2014-03-22,0.385116831887,0.279300044549,0.335583123564,0.385116831887,-0.0477836010134,A,D,2.31,-1.0,-1.0
5226,D1,2015-04-25,0.361482995499,0.291386845503,0.347130158998,0.361482995499,-0.0116513328593,A,H,2.68,-1.0,-1.0
5227,E0,2011-02-05,0.666467244904,0.206343492825,0.127189262271,0.666467244904,-0.0377581072087,A,H,1.42,-1.0,-1.0
5228,E1,2010-05-02,0.0974669045619,0.214922798947,0.687610296491,0.687610296491,-0.0370273846685,H,D,1.38,-1.0,-1.0
5229,SP1,2016-12-16,0.28387097536,0.298325604702,0.417803419938,0.417803419938,-0.00592539362084,H,H,2.36,1.36,1.42
5230,E1,2010-03-13,0.14198781694,0.244727751172,0.613284431887,0.613284431887,-0.0360662174636,H,H,1.54,0.54,
5231,E1,2011-04-25,0.400701453014,0.272494439171,0.326804107815,0.400701453014,-0.0378950382138,A,A,2.28,1.28,
5232,SP1,2012-04-29,0.721665721562,0.160372327759,0.117961950679,0.721665721562,-0.0190750191791,A,A,1.35,0.35,
5233,E2,2014-03-29,0.451990903945,0.295350930133,0.252658165922,0.451990903945,-0.0430586010054,A,A,2.02,1.02,1.08
5234,D1,2011-11-05,0.190273690966,0.259506735455,0.550219573579,0.550219573579,-0.038015720539,H,D,1.7,-1.0,-1.0
5235,E0,2015-04-25,0.331316293032,0.288609002375,0.380074704593,0.380074704593,-0.0215317211099,H,A,2.49,-1.0,-1.0
5236,SP1,2009-12-13,0.445654538081,0.300306571273,0.254038890646,0.445654538081,-0.0328143614406,A,A,2.09,1.09,
5237,E2,2014-01-25,0.241292882815,0.259488444997,0.499218672189,0.499218672189,-0.0109854094438,H,D,1.96,-1.0,-1.0
5238,F1,2010-05-15,0.447123669412,0.283618945005,0.269257385583,0.447123669412,-0.0579268356385,A,H,1.98,-1.0,-1.0
5239,SC0,2013-03-09,0.469849791364,0.27090278062,0.259247428016,0.469849791364,-0.0482849236619,A,D,1.93,-1.0,-1.0
5240,E2,2015-04-21,0.587984074248,0.242131402151,0.169884523601,0.587984074248,-0.0409467433624,A,A,1.59,0.59,0.63
5241,I1,2010-03-07,0.369529108466,0.322883021407,0.307587870127,0.369529108466,-0.0369749565746,A,H,2.46,-1.0,-1.0
5242,E1,2014-11-08,0.200793220841,0.257507914538,0.54169886462,0.54169886462,-0.0169603532568,H,H,1.79,0.79,0.86
5243,E2,2010-03-13,0.290211299296,0.277266191375,0.432522509328,0.432522509328,-0.0369610587468,H,H,2.13,1.13,
5244,I1,2013-12-15,0.126169861075,0.237463051678,0.636367087247,0.636367087247,-0.0215276495954,H,H,1.52,0.52,0.53
5245,I1,2012-05-05,0.16781872828,0.241500926071,0.590680345649,0.590680345649,-0.0228165868662,H,D,1.63,-1.0,-1.0
5246,I1,2012-04-21,0.0520378441515,0.137387615663,0.810574540186,0.810574540186,0.00412292728258,H,H,1.24,0.24,
5247,E0,2013-12-26,0.148898313047,0.220336460615,0.630765226338,0.630765226338,-0.0271295105046,H,D,1.52,-1.0,-1.0
5248,E1,2012-12-08,0.30920074431,0.258186222727,0.432613032963,0.432613032963,0.00342848360667,H,H,2.33,1.33,1.29
5249,F1,2013-01-27,0.125697151219,0.243789174716,0.630513674065,0.630513674065,-0.0406272655325,H,H,1.49,0.49,0.49
5250,SP1,2012-01-23,0.213102753486,0.274040436424,0.51285681009,0.51285681009,-0.0247775985122,H,H,1.86,0.86,
5251,E0,2010-11-27,0.136699710206,0.238067110132,0.625233179662,0.625233179662,-0.019928110661,H,A,1.55,-1.0,-1.0
5252,E2,2011-12-10,0.270923218434,0.26549880994,0.463577971626,0.463577971626,-0.0171912591431,H,H,2.08,1.08,
5253,E0,2011-05-08,0.296188404921,0.295928101975,0.407883493103,0.407883493103,-0.0487375114627,H,H,2.19,1.19,
5254,SC0,2011-02-02,0.323863838255,0.300191271517,0.375944890227,0.375944890227,-0.0626516010006,H,A,2.28,-1.0,-1.0
5255,E1,2016-12-27,0.113633989433,0.215510160636,0.67085584993,0.67085584993,-0.00941625891312,H,H,1.47,0.47,0.47
5256,E1,2014-04-12,0.455102444881,0.280180086006,0.264717469114,0.455102444881,-0.0327024331681,A,D,2.05,-1.0,-1.0
5257,I1,2014-11-22,0.507353421657,0.273631510297,0.219015068045,0.507353421657,-0.0420971277935,A,A,1.82,0.82,0.85
5258,E0,2016-05-15,0.229703928278,0.240885765446,0.529410306276,0.529410306276,-0.0420182651527,H,H,1.75,0.75,0.75
5259,F1,2011-02-12,0.377536906197,0.305765078972,0.316698014831,0.377536906197,-0.0408731356437,A,A,2.39,1.39,
5260,F1,2013-12-15,0.138773265927,0.251802431874,0.6094243022,0.6094243022,-0.0155756978004,H,H,1.6,0.6,0.61
5261,E0,2011-01-15,0.609849979214,0.233158770564,0.156991250221,0.609849979214,-0.0311756618112,A,A,1.56,0.56,
5262,E0,2016-12-17,0.167961581097,0.232117685029,0.599920733874,0.599920733874,-0.00613987218659,H,H,1.65,0.65,0.67
5263,D1,2012-03-11,0.205076110831,0.253098386151,0.541825503018,0.541825503018,-0.0106606848273,H,H,1.81,0.81,
5264,E1,2013-04-06,0.254280945657,0.286521727633,0.45919732671,0.45919732671,-0.0562665908162,H,H,1.94,0.94,0.98
5265,E2,2015-11-21,0.361322832237,0.280771027317,0.357906140446,0.361322832237,-0.0262740669874,A,H,2.58,-1.0,-1.0
5266,SC0,2013-01-26,0.238109540003,0.277913035594,0.483977424403,0.483977424403,-0.0507819338859,H,D,1.87,-1.0,-1.0
5267,I1,2009-12-12,0.476312884683,0.286085458355,0.237601656962,0.476312884683,-0.0527876444175,A,H,1.89,-1.0,-1.0
5268,D1,2011-11-05,0.200622795503,0.238440320104,0.560936884393,0.560936884393,-0.0104916870354,H,A,1.75,-1.0,-1.0
5269,SC0,2012-03-18,0.219921899428,0.27899637548,0.501081725092,0.501081725092,-0.0483688243583,H,H,1.82,0.82,
5270,I1,2013-12-22,0.665862426174,0.217395316994,0.116742256833,0.665862426174,-0.0285820182708,A,A,1.44,0.44,0.51
5271,SP1,2012-02-18,0.285429784731,0.299854359804,0.414715855465,0.414715855465,-0.0525738641614,H,D,2.14,-1.0,-1.0
5272,SC0,2015-02-07,0.243869866986,0.29047081533,0.465659317684,0.465659317684,-0.0691000406043,H,D,1.87,-1.0,-1.0
5273,I1,2012-01-15,0.0903581737671,0.222948673833,0.6866931524,0.6866931524,-0.0225267057559,H,A,1.41,-1.0,-1.0
5274,F1,2013-02-09,0.263068602055,0.276164184223,0.460767213722,0.460767213722,-0.027037664327,H,D,2.05,-1.0,-1.0
5275,F1,2012-05-13,0.199471149672,0.285414229641,0.515114620686,0.515114620686,-0.0530671974954,H,H,1.76,0.76,
5276,E0,2011-03-06,0.365306382654,0.290793548599,0.343900068747,0.365306382654,-0.0268504800912,A,H,2.55,-1.0,-1.0
5277,F1,2011-11-05,0.0638848357059,0.220969736609,0.715145427685,0.715145427685,-0.0367342715631,H,D,1.33,-1.0,-1.0
5278,E1,2012-03-06,0.402700028383,0.28719626221,0.310103709407,0.402700028383,-0.0320825803124,A,H,2.3,-1.0,-1.0
5279,I1,2014-11-30,0.400935611889,0.320331577235,0.278732810876,0.400935611889,-0.0376608793391,A,A,2.28,1.28,1.32
5280,E0,2016-12-26,0.32755492192,0.297941168285,0.374503909795,0.374503909795,-0.0303543898003,H,D,2.47,-1.0,-1.0
5281,I1,2013-05-05,0.058495103853,0.148756555344,0.792748340803,0.792748340803,-0.00725165919723,H,H,1.25,0.25,0.26
5282,F1,2014-11-29,0.24984976573,0.279642207993,0.470508026277,0.470508026277,0.0010244582022,H,H,2.13,1.13,1.15
5283,SC0,2013-04-27,0.30661444983,0.291297964381,0.402087585789,0.402087585789,-0.0443409856397,H,D,2.24,-1.0,-1.0
5284,E2,2014-04-18,0.289604114672,0.275736426731,0.434659458597,0.434659458597,-0.0240561377331,H,A,2.18,-1.0,-1.0
5285,E2,2016-12-10,0.291982702153,0.294254620252,0.413762677596,0.413762677596,-0.0557208904796,H,H,2.13,1.13,1.2
5286,E1,2016-01-02,0.369695857896,0.278180948151,0.352123193953,0.369695857896,-0.0149195267195,A,A,2.6,1.6,1.64
5287,SC0,2012-12-22,0.168355501499,0.225563270255,0.606081228246,0.606081228246,-0.0308614469128,H,H,1.57,0.57,0.6
5288,F1,2016-12-21,0.0418076101414,0.0891103461629,0.869082043696,0.869082043696,0.0287459092419,H,H,1.19,0.19,0.2
5289,SP1,2013-12-20,0.313548109398,0.306602398417,0.379849492185,0.379849492185,-0.0420914360848,H,A,2.37,-1.0,-1.0
5290,E1,2013-02-19,0.378281043116,0.29369521327,0.328023743613,0.378281043116,-0.0265772564788,A,A,2.47,1.47,1.52
5291,E1,2015-05-02,0.267266263395,0.285549430313,0.447184306292,0.447184306292,-0.065636206529,H,A,1.95,-1.0,-1.0
5292,E1,2015-04-14,0.202934149303,0.260221425909,0.536844424788,0.536844424788,-0.00369611575231,H,H,1.85,0.85,0.83
5293,E0,2010-11-06,0.252583596368,0.285706027854,0.461710375778,0.461710375778,-0.0213814116612,H,H,2.07,1.07,
5294,SC0,2016-12-10,0.252366675962,0.269927056553,0.477706267485,0.477706267485,-0.0324978141476,H,D,1.96,-1.0,-1.0
5295,D1,2010-04-10,0.0801418586071,0.194631515577,0.725226625816,0.725226625816,-0.0323491317599,H,H,1.32,0.32,
5296,SC0,2014-01-02,0.184286297665,0.261510045569,0.554203656766,0.554203656766,-0.0340316373519,H,H,1.7,0.7,0.73
5297,I1,2013-02-10,0.21737672534,0.293632707822,0.488990566839,0.488990566839,-0.0515499737018,H,D,1.85,-1.0,-1.0
5298,E0,2012-12-26,0.406847211597,0.307224919374,0.285927869029,0.406847211597,-0.0356306645088,A,H,2.26,-1.0,-1.0
5299,SP1,2010-01-03,0.265520756349,0.284647087486,0.449832156165,0.449832156165,-0.0427786812736,H,D,2.03,-1.0,-1.0
5300,D1,2016-04-24,0.175592820206,0.194542984571,0.629864195223,0.629864195223,0.00874618280062,H,H,1.61,0.61,0.66
5301,I1,2012-12-09,0.304831491893,0.291509353655,0.403659154452,0.403659154452,-0.0255253949042,H,H,2.33,1.33,1.34
5302,E2,2013-02-16,0.178945717625,0.257778138917,0.563276143457,0.563276143457,-0.0502207890581,H,H,1.63,0.63,0.67
5303,E2,2015-02-07,0.390414789611,0.284987889355,0.324597321034,0.390414789611,-0.0369356377399,A,D,2.34,-1.0,-1.0
5304,SC0,2015-03-01,0.1627732401,0.229799264361,0.607427495539,0.607427495539,-0.0215033220708,H,H,1.59,0.59,0.6
5305,E0,2012-05-06,0.206374531277,0.250974502322,0.542650966401,0.542650966401,0.00501655779882,H,H,1.86,0.86,
5306,E2,2017-02-18,0.261106307325,0.234587912514,0.50430578016,0.50430578016,0.011694942722,H,D,2.03,-1.0,-1.0
5307,E0,2017-03-04,0.23572027816,0.278751074913,0.485528646928,0.485528646928,-0.0119837908834,H,H,2.01,1.01,1.05
5308,SC0,2012-04-07,0.505529190812,0.261507855146,0.232962954041,0.505529190812,-0.0531300270649,A,A,1.79,0.79,
5309,I1,2017-02-19,0.302373011476,0.286612315678,0.411014672846,0.411014672846,-0.0414740149369,H,H,2.21,1.21,1.24
5310,I1,2016-11-05,0.158817456517,0.201319094019,0.639863449464,0.639863449464,0.00292077430513,H,H,1.57,0.57,0.58
5311,I1,2013-05-19,0.255342052427,0.29367928832,0.450978659253,0.450978659253,-0.020719453955,H,D,2.12,-1.0,-1.0
5312,I1,2014-01-26,0.23409529843,0.29481290249,0.47109179908,0.47109179908,-0.0339587059707,H,H,1.98,0.98,1.02
5313,E1,2012-11-27,0.361733861732,0.292550925996,0.345715212273,0.361733861732,-0.0228815228835,A,D,2.6,-1.0,-1.0
5314,E2,2012-11-20,0.340486677434,0.288547792463,0.370965530103,0.370965530103,-0.0388705354704,H,A,2.44,-1.0,-1.0
5315,F1,2011-02-20,0.420862328109,0.312198890252,0.266938781639,0.420862328109,-0.0442539509603,A,A,2.15,1.15,
5316,I1,2015-05-31,0.317693841463,0.273619213757,0.40868694478,0.40868694478,-0.035757499664,H,H,2.25,1.25,1.29
5317,F1,2014-02-21,0.0596250576856,0.198569317055,0.741805625259,0.741805625259,-0.0157701323167,H,H,1.32,0.32,0.34
5318,E0,2011-05-01,0.350429108029,0.309488587231,0.34008230474,0.350429108029,-0.00671374911356,A,H,2.8,-1.0,-1.0
5319,D1,2016-11-26,0.373152565748,0.304582416679,0.322265017573,0.373152565748,-0.019004296997,A,D,2.55,-1.0,-1.0
5320,F1,2016-02-20,0.0968504556582,0.175134207738,0.728015336604,0.728015336604,-0.00191167069554,H,H,1.37,0.37,0.38
5321,D1,2017-02-25,0.241094443189,0.292025291354,0.466880265457,0.466880265457,-0.00931021073303,H,H,2.1,1.1,1.12
5322,E0,2016-11-27,0.257393099569,0.252316311744,0.490290588687,0.490290588687,0.0251743096174,H,H,2.15,1.15,1.19
5323,E2,2013-04-27,0.263626272491,0.282288615584,0.454085111924,0.454085111924,-0.0434273258865,H,D,2.01,-1.0,-1.0
5324,I1,2013-01-05,0.133755889531,0.23664777684,0.629596333629,0.629596333629,-0.0155649566936,H,H,1.55,0.55,0.56
5325,E2,2013-02-26,0.325763091293,0.29760236782,0.376634540887,0.376634540887,-0.0581480678085,H,D,2.3,-1.0,-1.0
5326,E2,2012-01-28,0.380948214818,0.296593224726,0.322458560456,0.380948214818,-0.0322749256782,A,H,2.42,-1.0,-1.0
5327,E1,2017-05-07,0.187688198491,0.199991446628,0.612320354882,0.612320354882,0.0135179596723,H,H,1.67,0.67,0.68
5328,I1,2015-01-11,0.165017155803,0.299053107138,0.535929737059,0.535929737059,-0.0813542135587,H,H,1.62,0.62,0.61
5329,E1,2011-12-26,0.15469633595,0.231390208263,0.613913455787,0.613913455787,-0.0271121852386,H,D,1.56,-1.0,-1.0
5330,F1,2011-04-30,0.262112600179,0.322713493678,0.415173906143,0.415173906143,-0.0702629870609,H,H,2.06,1.06,
5331,SP1,2015-04-19,0.203903463323,0.232910984509,0.563185552167,0.563185552167,0.00762999661181,H,H,1.8,0.8,0.83
5332,E0,2011-03-05,0.175951559981,0.255317084404,0.568731355615,0.568731355615,-0.0160639660225,H,H,1.71,0.71,
5333,E0,2013-12-26,0.235872875262,0.260414752234,0.503712372503,0.503712372503,0.0135162940721,H,A,2.04,-1.0,-1.0
5334,E0,2016-02-13,0.326327912381,0.283766426277,0.389905661342,0.389905661342,-0.0250320979945,H,D,2.41,-1.0,-1.0
5335,E0,2010-03-27,0.0319502434993,0.152066737792,0.815983018709,0.815983018709,-0.00368911243875,H,H,1.22,0.22,
5336,SC0,2016-12-24,0.111085351954,0.194365241701,0.694549406345,0.694549406345,-0.0146704518105,H,H,1.41,0.41,0.43
5337,E1,2010-11-27,0.333205482735,0.30957838326,0.357216134005,0.357216134005,-0.0526199315684,H,H,2.44,1.44,
5338,E1,2016-03-19,0.304205584729,0.254377047748,0.441417367522,0.441417367522,-0.013128087023,H,D,2.2,-1.0,-1.0
5339,E2,2014-12-20,0.287203374825,0.279133417762,0.433663207413,0.433663207413,-0.0292997555496,H,D,2.16,-1.0,-1.0
5340,D1,2010-02-13,0.230377046898,0.267415312815,0.502207640287,0.502207640287,-0.00799644134526,H,D,1.96,-1.0,-1.0
5341,SP1,2013-11-10,0.798297367409,0.113160207981,0.0885424246094,0.798297367409,0.00464657375838,A,A,1.26,0.26,0.27
5342,E0,2010-02-27,0.26250287934,0.280401510577,0.457095610083,0.457095610083,-0.0355152273559,H,A,2.03,-1.0,-1.0
5343,E0,2011-02-26,0.200090820141,0.260512029581,0.539397150278,0.539397150278,-0.0320314211508,H,H,1.75,0.75,
5344,D1,2010-03-06,0.421423736535,0.281145195545,0.297431067919,0.421423736535,-0.0351972680308,A,A,2.19,1.19,
5345,E1,2015-12-12,0.419236158178,0.276170595477,0.304593246346,0.419236158178,-0.0312142922729,A,A,2.22,1.22,1.28
5346,E0,2014-03-08,0.275921209078,0.286550026402,0.43752876452,0.43752876452,-0.0129216859304,H,D,2.22,-1.0,-1.0
5347,E1,2012-12-01,0.201100664826,0.257280552305,0.54161878287,0.54161878287,-0.0265630353119,H,H,1.76,0.76,0.83
5348,E2,2012-11-20,0.299517209316,0.298305307518,0.402177483166,0.402177483166,-0.0482729672844,H,D,2.22,-1.0,-1.0
5349,F1,2013-01-25,0.393763892517,0.290458323057,0.315777784425,0.393763892517,-0.0354206568389,A,A,2.33,1.33,1.34
5350,E2,2014-03-29,0.21683789882,0.295066818236,0.488095282943,0.488095282943,-0.0643909049021,H,H,1.81,0.81,0.84
5351,E2,2015-02-28,0.277266582935,0.290536634919,0.432196782146,0.432196782146,-0.0532401110578,H,H,2.06,1.06,1.07
5352,E1,2011-02-12,0.305141390989,0.292776104833,0.402082504179,0.402082504179,-0.0403953719276,H,H,2.26,1.26,
5353,E1,2014-04-05,0.369084555659,0.317015689979,0.313899754362,0.369084555659,-0.0246162317426,A,A,2.54,1.54,1.7
5354,SC0,2013-04-01,0.320618157441,0.260608911913,0.418772930646,0.418772930646,0.0139146310511,H,D,2.47,-1.0,-1.0
5355,E2,2014-05-03,0.220074159562,0.269723980943,0.510201859495,0.510201859495,-0.0303386810456,H,H,1.85,0.85,0.88
5356,E2,2010-11-02,0.219424763272,0.277539346623,0.503035890105,0.503035890105,-0.0464146593458,H,H,1.82,0.82,
5357,E2,2013-04-09,0.169470712022,0.255081451913,0.575447836065,0.575447836065,-0.023354559145,H,A,1.67,-1.0,-1.0
5358,F1,2010-01-16,0.297337482281,0.302599323871,0.400063193847,0.400063193847,-0.00810007145879,H,A,2.45,-1.0,-1.0
5359,E1,2010-02-27,0.131212650261,0.254053350565,0.614733999173,0.614733999173,-0.0346166501774,H,H,1.54,0.54,
5360,E0,2010-01-17,0.119332688776,0.249854938377,0.630812372847,0.630812372847,-0.0227823983952,H,D,1.53,-1.0,-1.0
5361,E2,2012-11-20,0.483791302916,0.271960457835,0.244248239249,0.483791302916,-0.042524486558,A,D,1.9,-1.0,-1.0
5362,SP1,2012-11-25,0.283912941225,0.298287926879,0.417799131896,0.417799131896,-0.0473171471739,H,A,2.15,-1.0,-1.0
5363,E2,2017-03-11,0.280923866568,0.294445448428,0.424630685004,0.424630685004,-0.040485594066,H,D,2.15,-1.0,-1.0
5364,I1,2017-04-01,0.538460961194,0.240817588699,0.220721450107,0.538460961194,-0.014025226651,A,A,1.81,0.81,0.85
5365,E1,2013-12-21,0.190499189897,0.242202688965,0.567298121138,0.567298121138,-0.00413045029018,H,D,1.75,-1.0,-1.0
5366,SC0,2016-12-09,0.795780562741,0.125900205739,0.0783192315203,0.795780562741,0.00212976909014,A,A,1.26,0.26,0.28
5367,I1,2015-04-12,0.120579937858,0.217126889866,0.662293172276,0.662293172276,-0.00884776732136,H,H,1.49,0.49,0.51
5368,E0,2015-12-05,0.0925398419856,0.209309474069,0.698150683945,0.698150683945,-0.00115001535534,H,D,1.43,-1.0,-1.0
5369,F1,2016-11-05,0.280109551904,0.312534952708,0.407355495388,0.407355495388,-0.0274271133072,H,D,2.3,-1.0,-1.0
5370,E1,2012-11-27,0.336511007431,0.28689094254,0.376598050029,0.376598050029,-0.0471307635305,H,A,2.36,-1.0,-1.0
5371,I1,2013-01-06,0.321099998439,0.262831523763,0.416068477798,0.416068477798,-0.069368415406,H,H,2.06,1.06,1.06
5372,SP1,2017-01-14,0.32640672909,0.276900904471,0.396692366439,0.396692366439,0.0276886764023,H,D,2.71,-1.0,-1.0
5373,F1,2009-12-15,0.258239800949,0.296019675189,0.445740523862,0.445740523862,-0.019375755208,H,D,2.15,-1.0,-1.0
5374,E1,2015-02-14,0.185069694133,0.235664862379,0.579265443489,0.579265443489,0.00455279981034,H,H,1.74,0.74,0.76
5375,E0,2013-11-02,0.3971671615,0.308026334989,0.294806503511,0.3971671615,-0.0265616520592,A,D,2.36,-1.0,-1.0
5376,E0,2013-05-12,0.46702575267,0.275543045391,0.257431201939,0.46702575267,-0.0304866851405,A,A,2.01,1.01,1.02
5377,E1,2012-04-14,0.327968207901,0.267465015572,0.404566776526,0.404566776526,-0.0138432653146,H,D,2.39,-1.0,-1.0
5378,E0,2012-11-17,0.239591573407,0.239092790297,0.521315636296,0.521315636296,0.00318092127043,H,A,1.93,-1.0,-1.0
5379,I1,2011-11-19,0.411167827373,0.264620482462,0.324211690164,0.411167827373,-0.0583157407018,A,D,2.13,-1.0,-1.0
5380,E0,2014-01-28,0.039404364736,0.141615293294,0.81898034197,0.81898034197,0.0125287290673,H,H,1.24,0.24,0.24
5381,SC0,2015-02-14,0.726985219093,0.181119403239,0.0918953776677,0.726985219093,-0.0248944801549,A,A,1.33,0.33,0.35
5382,I1,2009-12-13,0.117236379958,0.232690185725,0.650073434318,0.650073434318,-0.0256022413581,H,A,1.48,-1.0,-1.0
5383,E2,2015-03-28,0.215144138716,0.24173600609,0.543119855194,0.543119855194,-0.000358405675793,H,H,1.84,0.84,0.9
5384,E2,2015-03-17,0.172820879574,0.229400030905,0.597779089521,0.597779089521,-0.0046305490336,H,H,1.66,0.66,0.7
5385,SC0,2016-04-02,0.314950492747,0.298115825363,0.386933681891,0.386933681891,-0.0478489268051,H,A,2.3,-1.0,-1.0
5386,F1,2017-03-04,0.37306457368,0.302711874611,0.324223551709,0.37306457368,-0.0237608231453,A,D,2.52,-1.0,-1.0
5387,D1,2012-11-27,0.515119431995,0.250400374197,0.234480193809,0.515119431995,-0.0343311174558,A,H,1.82,-1.0,-1.0
5388,E0,2017-04-26,0.583791431879,0.217915554757,0.198293013364,0.583791431879,-0.0259646656817,A,A,1.64,0.64,0.65
5389,I1,2013-01-20,0.306922740178,0.295665250455,0.397412009367,0.397412009367,-0.0245289189027,H,H,2.37,1.37,1.44
5390,E2,2012-11-06,0.306702819808,0.308648062929,0.384649117263,0.384649117263,-0.0578287588436,H,D,2.26,-1.0,-1.0
5391,E0,2013-03-30,0.0524200129246,0.128066327269,0.819513659806,0.819513659806,0.00650552972486,H,H,1.23,0.23,0.25
5392,SP1,2012-11-18,0.263289272824,0.283146810537,0.453563916639,0.453563916639,-0.0366321617928,H,A,2.04,-1.0,-1.0
5393,SC0,2017-03-01,0.185392677026,0.277327457786,0.537279865188,0.537279865188,-0.0800040854293,H,H,1.62,0.62,0.65
5394,I1,2015-04-04,0.51648924839,0.254275238197,0.229235513413,0.51648924839,-0.029958839042,A,A,1.83,0.83,0.87
5395,E2,2014-12-13,0.429539537103,0.287186821994,0.283273640903,0.429539537103,-0.0421585761047,A,A,2.12,1.12,1.17
5396,F1,2010-02-07,0.322066913702,0.300755505778,0.377177580521,0.377177580521,-0.0212287939813,H,H,2.51,1.51,
5397,E2,2011-01-03,0.352069204665,0.280891814836,0.367038980499,0.367038980499,-0.017576404116,H,H,2.6,1.6,
5398,I1,2010-03-21,0.22838628384,0.300536855419,0.471076860741,0.471076860741,-0.0339736443095,H,D,1.98,-1.0,-1.0
5399,E0,2013-04-06,0.478240937705,0.267620331741,0.254138730554,0.478240937705,-0.039893777321,A,A,1.93,0.93,0.96
5400,E0,2012-04-08,0.0287689823217,0.0979598328551,0.873271184823,0.873271184823,0.0185703301223,H,H,1.17,0.17,
5401,D1,2012-03-03,0.460339102415,0.23929197757,0.300368920014,0.460339102415,-0.0577956126108,A,H,1.93,-1.0,-1.0
5402,E1,2015-03-11,0.236455994662,0.259659455959,0.503884549379,0.503884549379,-0.0224312400949,H,H,1.9,0.9,0.93
5403,SP1,2011-03-06,0.31299621695,0.278656937793,0.408346845257,0.408346845257,-0.015381968302,H,H,2.36,1.36,
5404,E2,2011-11-05,0.299312651147,0.282685063131,0.418002285722,0.418002285722,-0.0428272073655,H,D,2.17,-1.0,-1.0
5405,E1,2014-03-29,0.293728946522,0.276378957676,0.429892095802,0.429892095802,-0.018538397472,H,D,2.23,-1.0,-1.0
5406,SC0,2015-04-04,0.280899051962,0.253201101513,0.465899846525,0.465899846525,-0.0148693842438,H,A,2.08,-1.0,-1.0
5407,E2,2010-04-10,0.0907344067039,0.217755112194,0.691510481102,0.691510481102,-0.0437836365449,H,H,1.36,0.36,
5408,F1,2011-05-29,0.509850533753,0.265736490299,0.224412975948,0.509850533753,-0.0615780376758,A,A,1.75,0.75,
